Ano;Mês;Classificação orçamentária;Secretaria;Função;Subfunção;Natureza da despesa;Fonte de recurso;Empenhado (R$);Liquidado  (R$);Pago  (R$)
2026;03;05.10.3.1.90.11.04.122.0001.2.002.01.1100000;Gabinete do Prefeito;ADMINISTRAÇÃO;ADMINISTRAÇÃO GERAL;VENCIMENTOS E VANTAGENS FIXAS -  PESSOAL CIVIL;TESOURO;67.475,05;67.475,05;67.475,05
2026;03;10.10.3.1.90.11.04.122.0002.2.003.01.1100000;SECRETARIA DE GOVERNANÇA;ADMINISTRAÇÃO;ADMINISTRAÇÃO GERAL;VENCIMENTOS E VANTAGENS FIXAS -  PESSOAL CIVIL;TESOURO;990.410,20;990.410,20;990.410,20
2026;03;10.10.3.3.50.85.04.122.0002.2.004.01.1100000;SECRETARIA DE GOVERNANÇA;ADMINISTRAÇÃO;ADMINISTRAÇÃO GERAL;CONTRATO DE GESTÃO-;TESOURO;0,00;221.405,73;221.405,73
2026;03;10.10.3.3.90.30.04.122.0002.2.005.01.1100000;SECRETARIA DE GOVERNANÇA;ADMINISTRAÇÃO;ADMINISTRAÇÃO GERAL;MATERIAL DE CONSUMO;TESOURO;31.401,30;10.552,80;7.173,40
2026;03;10.10.3.3.90.30.04.122.0002.2.008.01.1100000;SECRETARIA DE GOVERNANÇA;ADMINISTRAÇÃO;ADMINISTRAÇÃO GERAL;MATERIAL DE CONSUMO;TESOURO;22.614,76;4.449,71;15.157,72
2026;03;10.10.3.3.90.30.04.122.0002.2.009.01.1100000;SECRETARIA DE GOVERNANÇA;ADMINISTRAÇÃO;ADMINISTRAÇÃO GERAL;MATERIAL DE CONSUMO;TESOURO;3.296,55;375,75;133,60
2026;03;10.10.3.3.90.33.04.122.0002.2.003.01.1100000;SECRETARIA DE GOVERNANÇA;ADMINISTRAÇÃO;ADMINISTRAÇÃO GERAL;PASSAGENS E DESPESAS COM LOCOMOÇÃO;TESOURO;0,00;0,00;2.620,00
2026;03;10.10.3.3.90.36.04.122.0002.2.003.01.1100000;SECRETARIA DE GOVERNANÇA;ADMINISTRAÇÃO;ADMINISTRAÇÃO GERAL;OUTROS SERVIÇOS DE TERCEIROS - PESSOA FÍSICA;TESOURO;15.067,77;15.067,77;14.600,91
2026;03;10.10.3.3.90.39.04.122.0002.2.003.01.1100000;SECRETARIA DE GOVERNANÇA;ADMINISTRAÇÃO;ADMINISTRAÇÃO GERAL;OUTROS SERVIÇOS DE TERCEIROS -  PESSOA JURÍDICA;TESOURO;35,40;35,40;2.035,40
2026;03;10.10.3.3.90.39.04.122.0002.2.004.01.1100000;SECRETARIA DE GOVERNANÇA;ADMINISTRAÇÃO;ADMINISTRAÇÃO GERAL;OUTROS SERVIÇOS DE TERCEIROS -  PESSOA JURÍDICA;TESOURO;353.490,75;1.118.214,19;1.168.462,62
2026;03;10.10.3.3.90.39.04.122.0002.2.005.01.1100000;SECRETARIA DE GOVERNANÇA;ADMINISTRAÇÃO;ADMINISTRAÇÃO GERAL;OUTROS SERVIÇOS DE TERCEIROS -  PESSOA JURÍDICA;TESOURO;200.624,28;51.082,74;296.670,02
2026;03;10.10.3.3.90.39.04.122.0002.2.007.01.1100000;SECRETARIA DE GOVERNANÇA;ADMINISTRAÇÃO;ADMINISTRAÇÃO GERAL;OUTROS SERVIÇOS DE TERCEIROS -  PESSOA JURÍDICA;TESOURO;0,00;210.658,24;1.079.007,60
2026;03;10.10.3.3.90.39.04.122.0002.2.008.01.1100000;SECRETARIA DE GOVERNANÇA;ADMINISTRAÇÃO;ADMINISTRAÇÃO GERAL;OUTROS SERVIÇOS DE TERCEIROS -  PESSOA JURÍDICA;TESOURO;95.970,00;5.147,63;6.835,28
2026;03;10.10.3.3.90.39.04.122.0002.2.009.01.1100000;SECRETARIA DE GOVERNANÇA;ADMINISTRAÇÃO;ADMINISTRAÇÃO GERAL;OUTROS SERVIÇOS DE TERCEIROS -  PESSOA JURÍDICA;TESOURO;235.427,58;224.344,79;233.315,00
2026;03;10.10.3.3.90.39.27.811.0002.2.006.01.1100000;SECRETARIA DE GOVERNANÇA;DESPORTO E LAZER;DESPORTO DE RENDIMENTO;OUTROS SERVIÇOS DE TERCEIROS -  PESSOA JURÍDICA;TESOURO;56.456,03;56.456,03;608.230,02
2026;03;10.10.3.3.90.48.27.811.0002.2.006.01.1100000;SECRETARIA DE GOVERNANÇA;DESPORTO E LAZER;DESPORTO DE RENDIMENTO;OUTROS AUXÍLIOS FINANCEIROS A PESSOA FÍSICA;TESOURO;810.418,98;810.418,98;795.428,98
2026;03;10.10.3.3.90.92.04.122.0002.2.004.01.1100000;SECRETARIA DE GOVERNANÇA;ADMINISTRAÇÃO;ADMINISTRAÇÃO GERAL;DESPESAS DE EXERCÍCIOS ANTERIORES;TESOURO;0,00;0,00;38.943,28
2026;03;10.10.4.4.90.52.04.122.0002.2.005.01.1100000;SECRETARIA DE GOVERNANÇA;ADMINISTRAÇÃO;ADMINISTRAÇÃO GERAL;EQUIPAMENTOS E MATERIAL PERMANENTE;TESOURO;0,00;2.686,68;0,00
2026;03;10.10.4.4.90.52.04.122.0002.2.008.01.1100000;SECRETARIA DE GOVERNANÇA;ADMINISTRAÇÃO;ADMINISTRAÇÃO GERAL;EQUIPAMENTOS E MATERIAL PERMANENTE;TESOURO;5.628,30;0,00;0,00
2026;03;10.10.4.4.90.52.04.122.0002.2.009.01.1100000;SECRETARIA DE GOVERNANÇA;ADMINISTRAÇÃO;ADMINISTRAÇÃO GERAL;EQUIPAMENTOS E MATERIAL PERMANENTE;TESOURO;0,00;979,30;1.307,80
2026;03;15.10.3.1.90.11.04.122.0003.2.003.01.1100000;SECRETARIA DE ASSUNTOS JURÍDICOS;ADMINISTRAÇÃO;ADMINISTRAÇÃO GERAL;VENCIMENTOS E VANTAGENS FIXAS -  PESSOAL CIVIL;TESOURO;874.345,82;874.345,82;873.004,73
2026;03;15.10.3.1.90.11.14.422.0003.2.012.02.1000047;SECRETARIA DE ASSUNTOS JURÍDICOS;DIREITOS DA CIDADANIA;DIREITOS INDIVIDUAIS, COLETIVOS E DIFUSOS;VENCIMENTOS E VANTAGENS FIXAS -  PESSOAL CIVIL;TRANSFERENCIAS E CONVENIOS ESTADUAIS - VINCULADOS;36.404,54;36.404,54;36.404,54
2026;03;15.10.3.3.90.14.14.422.0003.2.012.03.1000133;SECRETARIA DE ASSUNTOS JURÍDICOS;DIREITOS DA CIDADANIA;DIREITOS INDIVIDUAIS, COLETIVOS E DIFUSOS;DIÁRIAS - PESSOAL CIVIL;RECURSOS PROPRIOS DE FUNDOS ESPECIAIS DE DESPESA - VINCULADOS;702,00;702,00;702,00
2026;03;15.10.3.3.90.30.04.122.0003.2.010.01.1100000;SECRETARIA DE ASSUNTOS JURÍDICOS;ADMINISTRAÇÃO;ADMINISTRAÇÃO GERAL;MATERIAL DE CONSUMO;TESOURO;756,00;450,90;250,50
2026;03;15.10.3.3.90.30.14.422.0003.2.012.03.1000133;SECRETARIA DE ASSUNTOS JURÍDICOS;DIREITOS DA CIDADANIA;DIREITOS INDIVIDUAIS, COLETIVOS E DIFUSOS;MATERIAL DE CONSUMO;RECURSOS PROPRIOS DE FUNDOS ESPECIAIS DE DESPESA - VINCULADOS;0,00;192,05;292,25
2026;03;15.10.3.3.90.30.14.422.0003.2.012.92.1000047;SECRETARIA DE ASSUNTOS JURÍDICOS;DIREITOS DA CIDADANIA;DIREITOS INDIVIDUAIS, COLETIVOS E DIFUSOS;MATERIAL DE CONSUMO;TRANSFERENCIAS E CONVENIOS ESTADUAIS - VINCULADOS - EXERCÍCIO ANTERIOR;3.544,43;2.204,86;646,35
2026;03;15.10.3.3.90.36.04.122.0003.2.003.01.1100000;SECRETARIA DE ASSUNTOS JURÍDICOS;ADMINISTRAÇÃO;ADMINISTRAÇÃO GERAL;OUTROS SERVIÇOS DE TERCEIROS - PESSOA FÍSICA;TESOURO;64.099,28;64.099,28;63.635,68
2026;03;15.10.3.3.90.36.04.122.0003.2.010.01.1100000;SECRETARIA DE ASSUNTOS JURÍDICOS;ADMINISTRAÇÃO;ADMINISTRAÇÃO GERAL;OUTROS SERVIÇOS DE TERCEIROS - PESSOA FÍSICA;TESOURO;2.136,82;2.136,82;5.561,71
2026;03;15.10.3.3.90.36.04.122.0003.2.011.01.1100000;SECRETARIA DE ASSUNTOS JURÍDICOS;ADMINISTRAÇÃO;ADMINISTRAÇÃO GERAL;OUTROS SERVIÇOS DE TERCEIROS - PESSOA FÍSICA;TESOURO;146.180,02;146.180,02;146.180,02
2026;03;15.10.3.3.90.39.04.122.0003.2.003.01.1100000;SECRETARIA DE ASSUNTOS JURÍDICOS;ADMINISTRAÇÃO;ADMINISTRAÇÃO GERAL;OUTROS SERVIÇOS DE TERCEIROS -  PESSOA JURÍDICA;TESOURO;971,10;971,10;971,10
2026;03;15.10.3.3.90.39.04.122.0003.2.010.01.1100000;SECRETARIA DE ASSUNTOS JURÍDICOS;ADMINISTRAÇÃO;ADMINISTRAÇÃO GERAL;OUTROS SERVIÇOS DE TERCEIROS -  PESSOA JURÍDICA;TESOURO;13.222,44;19.030,36;15.330,15
2026;03;15.10.3.3.90.39.04.122.0003.2.011.01.1100000;SECRETARIA DE ASSUNTOS JURÍDICOS;ADMINISTRAÇÃO;ADMINISTRAÇÃO GERAL;OUTROS SERVIÇOS DE TERCEIROS -  PESSOA JURÍDICA;TESOURO;5.122,83;5.122,83;5.034,52
2026;03;15.10.3.3.90.39.14.422.0003.2.012.03.1000133;SECRETARIA DE ASSUNTOS JURÍDICOS;DIREITOS DA CIDADANIA;DIREITOS INDIVIDUAIS, COLETIVOS E DIFUSOS;OUTROS SERVIÇOS DE TERCEIROS -  PESSOA JURÍDICA;RECURSOS PROPRIOS DE FUNDOS ESPECIAIS DE DESPESA - VINCULADOS;0,00;116.855,82;116.855,82
2026;03;15.10.3.3.90.39.14.422.0003.2.012.92.1000047;SECRETARIA DE ASSUNTOS JURÍDICOS;DIREITOS DA CIDADANIA;DIREITOS INDIVIDUAIS, COLETIVOS E DIFUSOS;OUTROS SERVIÇOS DE TERCEIROS -  PESSOA JURÍDICA;TRANSFERENCIAS E CONVENIOS ESTADUAIS - VINCULADOS - EXERCÍCIO ANTERIOR;7.706,11;15.289,11;23.871,81
2026;03;15.10.3.3.90.40.14.422.0003.2.012.92.1000047;SECRETARIA DE ASSUNTOS JURÍDICOS;DIREITOS DA CIDADANIA;DIREITOS INDIVIDUAIS, COLETIVOS E DIFUSOS;SERVIÇOS DE TECNOLOGIA DA INFORMAÇÃO E COMUNICAÇÃO - PJ;TRANSFERENCIAS E CONVENIOS ESTADUAIS - VINCULADOS - EXERCÍCIO ANTERIOR;0,00;69.745,06;58.703,59
2026;03;15.10.3.3.90.92.04.122.0003.2.010.01.1100000;SECRETARIA DE ASSUNTOS JURÍDICOS;ADMINISTRAÇÃO;ADMINISTRAÇÃO GERAL;DESPESAS DE EXERCÍCIOS ANTERIORES;TESOURO;222,12;222,12;444,24
2026;03;15.10.4.4.90.52.14.422.0003.2.012.92.1000047;SECRETARIA DE ASSUNTOS JURÍDICOS;DIREITOS DA CIDADANIA;DIREITOS INDIVIDUAIS, COLETIVOS E DIFUSOS;EQUIPAMENTOS E MATERIAL PERMANENTE;TRANSFERENCIAS E CONVENIOS ESTADUAIS - VINCULADOS - EXERCÍCIO ANTERIOR;58.826,45;14.218,80;11.709,80
2026;03;20.10.3.1.90.11.04.122.0004.2.003.01.1100000;SECRETARIA DE GESTÃO ADMINISTRATIVA E FINANÇAS;ADMINISTRAÇÃO;ADMINISTRAÇÃO GERAL;VENCIMENTOS E VANTAGENS FIXAS -  PESSOAL CIVIL;TESOURO;2.070.867,42;2.070.867,42;2.070.867,42
2026;03;20.10.3.3.71.70.04.122.0004.2.013.01.1100000;SECRETARIA DE GESTÃO ADMINISTRATIVA E FINANÇAS;ADMINISTRAÇÃO;ADMINISTRAÇÃO GERAL;RATEIO PELA PARTICIPAÇÃO EM CONSÓRCIO PÚBLICO;TESOURO;16.265,81;16.265,81;32.531,62
2026;03;20.10.3.3.90.14.04.122.0004.2.003.01.1100000;SECRETARIA DE GESTÃO ADMINISTRATIVA E FINANÇAS;ADMINISTRAÇÃO;ADMINISTRAÇÃO GERAL;DIÁRIAS - PESSOAL CIVIL;TESOURO;648,00;648,00;648,00
2026;03;20.10.3.3.90.30.04.122.0004.2.013.01.1100000;SECRETARIA DE GESTÃO ADMINISTRATIVA E FINANÇAS;ADMINISTRAÇÃO;ADMINISTRAÇÃO GERAL;MATERIAL DE CONSUMO;TESOURO;378.752,00;271.956,81;574.696,19
2026;03;20.10.3.3.90.30.04.122.0004.2.015.01.1100000;SECRETARIA DE GESTÃO ADMINISTRATIVA E FINANÇAS;ADMINISTRAÇÃO;ADMINISTRAÇÃO GERAL;MATERIAL DE CONSUMO;TESOURO;25.035,00;12.328,95;8.280,05
2026;03;20.10.3.3.90.36.04.122.0004.2.003.01.1100000;SECRETARIA DE GESTÃO ADMINISTRATIVA E FINANÇAS;ADMINISTRAÇÃO;ADMINISTRAÇÃO GERAL;OUTROS SERVIÇOS DE TERCEIROS - PESSOA FÍSICA;TESOURO;42.016,77;42.016,77;42.016,77
2026;03;20.10.3.3.90.39.04.122.0004.2.003.01.1100000;SECRETARIA DE GESTÃO ADMINISTRATIVA E FINANÇAS;ADMINISTRAÇÃO;ADMINISTRAÇÃO GERAL;OUTROS SERVIÇOS DE TERCEIROS -  PESSOA JURÍDICA;TESOURO;1.100,00;1.100,00;1.100,00
2026;03;20.10.3.3.90.39.04.122.0004.2.013.01.1100000;SECRETARIA DE GESTÃO ADMINISTRATIVA E FINANÇAS;ADMINISTRAÇÃO;ADMINISTRAÇÃO GERAL;OUTROS SERVIÇOS DE TERCEIROS -  PESSOA JURÍDICA;TESOURO;124.353,28;2.067.174,23;2.081.651,47
2026;03;20.10.3.3.90.39.04.122.0004.2.015.01.1100000;SECRETARIA DE GESTÃO ADMINISTRATIVA E FINANÇAS;ADMINISTRAÇÃO;ADMINISTRAÇÃO GERAL;OUTROS SERVIÇOS DE TERCEIROS -  PESSOA JURÍDICA;TESOURO;-20.059,86;843.263,87;1.067.699,46
2026;03;20.10.3.3.90.40.04.122.0004.2.013.01.1100000;SECRETARIA DE GESTÃO ADMINISTRATIVA E FINANÇAS;ADMINISTRAÇÃO;ADMINISTRAÇÃO GERAL;SERVIÇOS DE TECNOLOGIA DA INFORMAÇÃO E COMUNICAÇÃO - PJ;TESOURO;0,00;250.278,00;125.139,00
2026;03;20.10.3.3.90.40.04.122.0004.2.014.01.1100000;SECRETARIA DE GESTÃO ADMINISTRATIVA E FINANÇAS;ADMINISTRAÇÃO;ADMINISTRAÇÃO GERAL;SERVIÇOS DE TECNOLOGIA DA INFORMAÇÃO E COMUNICAÇÃO - PJ;TESOURO;3.634.000,00;3.694.449,26;3.056.274,96
2026;03;20.10.3.3.90.40.04.122.0004.2.015.01.1100000;SECRETARIA DE GESTÃO ADMINISTRATIVA E FINANÇAS;ADMINISTRAÇÃO;ADMINISTRAÇÃO GERAL;SERVIÇOS DE TECNOLOGIA DA INFORMAÇÃO E COMUNICAÇÃO - PJ;TESOURO;0,00;1.464,74;1.279,34
2026;03;20.10.4.4.90.52.04.122.0004.2.013.01.1100000;SECRETARIA DE GESTÃO ADMINISTRATIVA E FINANÇAS;ADMINISTRAÇÃO;ADMINISTRAÇÃO GERAL;EQUIPAMENTOS E MATERIAL PERMANENTE;TESOURO;953,00;1.676,55;953,00
2026;03;30.10.3.1.90.11.15.127.0005.2.003.01.1100000;SECRETARIA DE URBANISMO E SUSTENTABILIDADE;URBANISMO;ORDENAMENTO TERRITORIAL;VENCIMENTOS E VANTAGENS FIXAS -  PESSOAL CIVIL;TESOURO;586.155,63;586.155,63;586.155,63
2026;03;30.10.3.3.50.39.18.541.0005.2.018.03.1000050;SECRETARIA DE URBANISMO E SUSTENTABILIDADE;GESTÃO AMBIENTAL;PRESERVAÇÃO E CONSERVAÇÃO AMBIENTAL;OUTROS SERVIÇOS DE TERCEIROS -PESSOA JURÍDICA;RECURSOS PROPRIOS DE FUNDOS ESPECIAIS DE DESPESA - VINCULADOS;0,00;63.063,84;31.531,92
2026;03;30.10.3.3.71.70.18.541.0005.2.018.01.1000190;SECRETARIA DE URBANISMO E SUSTENTABILIDADE;GESTÃO AMBIENTAL;PRESERVAÇÃO E CONSERVAÇÃO AMBIENTAL;RATEIO PELA PARTICIPAÇÃO EM CONSÓRCIO PÚBLICO;TESOURO;0,00;683.686,50;341.843,25
2026;03;30.10.3.3.90.30.15.127.0005.2.016.01.1100000;SECRETARIA DE URBANISMO E SUSTENTABILIDADE;URBANISMO;ORDENAMENTO TERRITORIAL;MATERIAL DE CONSUMO;TESOURO;0,00;1.310,95;1.002,00
2026;03;30.10.3.3.90.30.18.541.0005.2.018.03.1000050;SECRETARIA DE URBANISMO E SUSTENTABILIDADE;GESTÃO AMBIENTAL;PRESERVAÇÃO E CONSERVAÇÃO AMBIENTAL;MATERIAL DE CONSUMO;RECURSOS PROPRIOS DE FUNDOS ESPECIAIS DE DESPESA - VINCULADOS;1.473,00;1.473,00;2.888,00
2026;03;30.10.3.3.90.36.15.127.0005.2.003.01.1100000;SECRETARIA DE URBANISMO E SUSTENTABILIDADE;URBANISMO;ORDENAMENTO TERRITORIAL;OUTROS SERVIÇOS DE TERCEIROS - PESSOA FÍSICA;TESOURO;28.878,31;28.878,31;28.411,45
2026;03;30.10.3.3.90.39.15.127.0005.2.003.01.1100000;SECRETARIA DE URBANISMO E SUSTENTABILIDADE;URBANISMO;ORDENAMENTO TERRITORIAL;OUTROS SERVIÇOS DE TERCEIROS -  PESSOA JURÍDICA;TESOURO;3.169,31;3.169,31;1.269,31
2026;03;30.10.3.3.90.39.15.127.0005.2.016.01.1100000;SECRETARIA DE URBANISMO E SUSTENTABILIDADE;URBANISMO;ORDENAMENTO TERRITORIAL;OUTROS SERVIÇOS DE TERCEIROS -  PESSOA JURÍDICA;TESOURO;11.406,36;813.937,71;791.327,89
2026;03;30.10.3.3.90.39.15.127.0005.2.017.03.1000134;SECRETARIA DE URBANISMO E SUSTENTABILIDADE;URBANISMO;ORDENAMENTO TERRITORIAL;OUTROS SERVIÇOS DE TERCEIROS -  PESSOA JURÍDICA;RECURSOS PROPRIOS DE FUNDOS ESPECIAIS DE DESPESA - VINCULADOS;0,00;179.946,00;89.973,00
2026;03;30.10.3.3.90.39.18.541.0005.2.018.03.1000050;SECRETARIA DE URBANISMO E SUSTENTABILIDADE;GESTÃO AMBIENTAL;PRESERVAÇÃO E CONSERVAÇÃO AMBIENTAL;OUTROS SERVIÇOS DE TERCEIROS -  PESSOA JURÍDICA;RECURSOS PROPRIOS DE FUNDOS ESPECIAIS DE DESPESA - VINCULADOS;5.580,00;9.980,00;81.487,73
2026;03;30.10.4.4.90.52.15.127.0005.2.016.01.1100000;SECRETARIA DE URBANISMO E SUSTENTABILIDADE;URBANISMO;ORDENAMENTO TERRITORIAL;EQUIPAMENTOS E MATERIAL PERMANENTE;TESOURO;59.652,40;0,00;0,00
2026;03;30.10.4.4.90.52.18.541.0005.2.018.03.1000050;SECRETARIA DE URBANISMO E SUSTENTABILIDADE;GESTÃO AMBIENTAL;PRESERVAÇÃO E CONSERVAÇÃO AMBIENTAL;EQUIPAMENTOS E MATERIAL PERMANENTE;RECURSOS PROPRIOS DE FUNDOS ESPECIAIS DE DESPESA - VINCULADOS;0,00;0,00;87,90
2026;03;35.10.3.1.90.11.15.451.0006.2.003.01.1100000;SECRETARIA DE GESTÃO DE OBRAS;URBANISMO;INFRA-ESTRUTURA URBANA;VENCIMENTOS E VANTAGENS FIXAS -  PESSOAL CIVIL;TESOURO;233.662,47;233.662,47;233.662,47
2026;03;35.10.3.3.90.14.15.451.0006.2.003.01.1100000;SECRETARIA DE GESTÃO DE OBRAS;URBANISMO;INFRA-ESTRUTURA URBANA;DIÁRIAS - PESSOAL CIVIL;TESOURO;864,00;864,00;864,00
2026;03;35.10.3.3.90.30.15.451.0006.2.019.01.1100000;SECRETARIA DE GESTÃO DE OBRAS;URBANISMO;INFRA-ESTRUTURA URBANA;MATERIAL DE CONSUMO;TESOURO;427.858,50;187.843,46;187.189,51
2026;03;35.10.3.3.90.36.15.451.0006.2.003.01.1100000;SECRETARIA DE GESTÃO DE OBRAS;URBANISMO;INFRA-ESTRUTURA URBANA;OUTROS SERVIÇOS DE TERCEIROS - PESSOA FÍSICA;TESOURO;6.376,64;6.376,64;6.376,64
2026;03;35.10.3.3.90.39.15.451.0006.2.003.01.1100000;SECRETARIA DE GESTÃO DE OBRAS;URBANISMO;INFRA-ESTRUTURA URBANA;OUTROS SERVIÇOS DE TERCEIROS -  PESSOA JURÍDICA;TESOURO;995,55;995,55;2.995,55
2026;03;35.10.3.3.90.39.15.451.0006.2.019.01.1100000;SECRETARIA DE GESTÃO DE OBRAS;URBANISMO;INFRA-ESTRUTURA URBANA;OUTROS SERVIÇOS DE TERCEIROS -  PESSOA JURÍDICA;TESOURO;667.207,00;1.301.211,74;1.929.799,32
2026;03;35.10.3.3.90.93.15.451.0006.2.019.01.1100000;SECRETARIA DE GESTÃO DE OBRAS;URBANISMO;INFRA-ESTRUTURA URBANA;INDENIZAÇÕES E RESTITUIÇÕES;TESOURO;8.035,46;8.035,46;8.035,46
2026;03;35.10.4.4.90.51.15.451.0006.1.001.01.1000137;SECRETARIA DE GESTÃO DE OBRAS;URBANISMO;INFRA-ESTRUTURA URBANA;OBRAS E INSTALAÇÕES;TESOURO;0,00;85.813,73;206.407,46
2026;03;35.10.4.4.90.51.15.451.0006.1.001.01.1200000;SECRETARIA DE GESTÃO DE OBRAS;URBANISMO;INFRA-ESTRUTURA URBANA;OBRAS E INSTALAÇÕES;TESOURO;466.000,00;0,00;0,00
2026;03;35.10.4.4.90.51.15.451.0006.1.001.01.1400000;SECRETARIA DE GESTÃO DE OBRAS;URBANISMO;INFRA-ESTRUTURA URBANA;OBRAS E INSTALAÇÕES;TESOURO;5.789.035,68;1.166.563,30;1.176.375,72
2026;03;35.10.4.4.90.51.15.451.0006.1.001.02.1000270;SECRETARIA DE GESTÃO DE OBRAS;URBANISMO;INFRA-ESTRUTURA URBANA;OBRAS E INSTALAÇÕES;TRANSFERENCIAS E CONVENIOS ESTADUAIS - VINCULADOS;0,00;33.254,57;0,00
2026;03;35.10.4.4.90.51.15.451.0006.1.001.03.1000134;SECRETARIA DE GESTÃO DE OBRAS;URBANISMO;INFRA-ESTRUTURA URBANA;OBRAS E INSTALAÇÕES;RECURSOS PROPRIOS DE FUNDOS ESPECIAIS DE DESPESA - VINCULADOS;0,00;342.272,62;232.806,49
2026;03;35.10.4.4.90.51.15.451.0006.1.001.03.5000072;SECRETARIA DE GESTÃO DE OBRAS;URBANISMO;INFRA-ESTRUTURA URBANA;OBRAS E INSTALAÇÕES;RECURSOS PROPRIOS DE FUNDOS ESPECIAIS DE DESPESA - VINCULADOS;0,00;175.389,81;163.914,28
2026;03;35.10.4.4.90.51.15.451.0006.1.001.91.1000177;SECRETARIA DE GESTÃO DE OBRAS;URBANISMO;INFRA-ESTRUTURA URBANA;OBRAS E INSTALAÇÕES;TESOURO - EXERCÍCIO ANTERIOR;0,00;14.664,11;0,00
2026;03;35.10.4.4.90.51.15.451.0006.1.001.93.1000134;SECRETARIA DE GESTÃO DE OBRAS;URBANISMO;INFRA-ESTRUTURA URBANA;OBRAS E INSTALAÇÕES;RECURSOS PROPRIOS DE FUNDOS ESPECIAIS DE DESPESA - VINCULADOS - EXERCÍCIO ANTERIOR;0,00;295.505,07;0,00
2026;03;35.10.4.4.90.51.15.451.0006.1.001.93.5000072;SECRETARIA DE GESTÃO DE OBRAS;URBANISMO;INFRA-ESTRUTURA URBANA;OBRAS E INSTALAÇÕES;RECURSOS PROPRIOS DE FUNDOS ESPECIAIS DE DESPESA - VINCULADOS - EXERCÍCIO ANTERIOR;60.000,00;0,00;0,00
2026;03;35.10.4.4.90.52.15.451.0006.2.019.01.1100000;SECRETARIA DE GESTÃO DE OBRAS;URBANISMO;INFRA-ESTRUTURA URBANA;EQUIPAMENTOS E MATERIAL PERMANENTE;TESOURO;0,00;1.428,00;1.428,00
2026;03;35.10.4.4.90.52.15.451.0006.2.019.93.1000050;SECRETARIA DE GESTÃO DE OBRAS;URBANISMO;INFRA-ESTRUTURA URBANA;EQUIPAMENTOS E MATERIAL PERMANENTE;RECURSOS PROPRIOS DE FUNDOS ESPECIAIS DE DESPESA - VINCULADOS - EXERCÍCIO ANTERIOR;0,00;0,00;34.255,00
2026;03;40.10.3.1.90.11.12.122.0007.2.024.01.1100000;SECRETARIA DE EDUCAÇÃO E CIDADANIA;EDUCAÇÃO;ADMINISTRAÇÃO GERAL;VENCIMENTOS E VANTAGENS FIXAS -  PESSOAL CIVIL;TESOURO;24.359,70;24.359,70;24.359,70
2026;03;40.10.3.1.90.11.12.361.0007.2.029.01.2200000;SECRETARIA DE EDUCAÇÃO E CIDADANIA;EDUCAÇÃO;ENSINO FUNDAMENTAL;VENCIMENTOS E VANTAGENS FIXAS -  PESSOAL CIVIL;TESOURO;261.594,47;261.594,47;270.006,53
2026;03;40.10.3.1.90.13.12.361.0007.2.029.01.2200000;SECRETARIA DE EDUCAÇÃO E CIDADANIA;EDUCAÇÃO;ENSINO FUNDAMENTAL;OBRIGAÇÕES PATRONAIS;TESOURO;56.426,94;56.426,94;56.426,94
2026;03;40.10.3.1.91.96.12.361.0007.2.029.01.2200000;SECRETARIA DE EDUCAÇÃO E CIDADANIA;EDUCAÇÃO;ENSINO FUNDAMENTAL;RESSARCIMENTO DE DESPESAS DE PESSOAL REQUISITADO - INTRA-ORÇAMENTÁRIO;TESOURO;107.315,31;107.315,31;107.315,31
2026;03;40.10.3.3.50.39.12.361.0007.2.027.01.2200000;SECRETARIA DE EDUCAÇÃO E CIDADANIA;EDUCAÇÃO;ENSINO FUNDAMENTAL;OUTROS SERVIÇOS DE TERCEIROS -PESSOA JURÍDICA;TESOURO;0,00;1.106.382,97;834.570,81
2026;03;40.10.3.3.50.39.12.365.0007.2.021.01.2100000;SECRETARIA DE EDUCAÇÃO E CIDADANIA;EDUCAÇÃO;EDUCAÇÃO INFANTIL;OUTROS SERVIÇOS DE TERCEIROS -PESSOA JURÍDICA;TESOURO;3.767.782,57;8.161.209,48;8.080.048,99
2026;03;40.10.3.3.50.39.12.365.0007.2.028.01.2130000;SECRETARIA DE EDUCAÇÃO E CIDADANIA;EDUCAÇÃO;EDUCAÇÃO INFANTIL;OUTROS SERVIÇOS DE TERCEIROS -PESSOA JURÍDICA;TESOURO;125.404,95;4.174.777,11;2.156.448,63
2026;03;40.10.3.3.50.39.12.367.0007.2.026.01.2400000;SECRETARIA DE EDUCAÇÃO E CIDADANIA;EDUCAÇÃO;EDUCAÇÃO ESPECIAL;OUTROS SERVIÇOS DE TERCEIROS -PESSOA JURÍDICA;TESOURO;0,00;3.210.958,10;2.864.262,19
2026;03;40.10.3.3.90.08.12.361.0007.2.027.01.2200000;SECRETARIA DE EDUCAÇÃO E CIDADANIA;EDUCAÇÃO;ENSINO FUNDAMENTAL;OUTROS BENEFÍCIOS ASSISTENCIAIS DO SERVIDOR E DO MILITAR;TESOURO;53.518,72;53.518,72;53.518,72
2026;03;40.10.3.3.90.08.12.361.0007.2.029.01.2200000;SECRETARIA DE EDUCAÇÃO E CIDADANIA;EDUCAÇÃO;ENSINO FUNDAMENTAL;OUTROS BENEFÍCIOS ASSISTENCIAIS DO SERVIDOR E DO MILITAR;TESOURO;4.895,75;4.895,75;4.895,75
2026;03;40.10.3.3.90.08.12.365.0007.2.028.01.2120000;SECRETARIA DE EDUCAÇÃO E CIDADANIA;EDUCAÇÃO;EDUCAÇÃO INFANTIL;OUTROS BENEFÍCIOS ASSISTENCIAIS DO SERVIDOR E DO MILITAR;TESOURO;55.494,73;55.494,73;55.494,73
2026;03;40.10.3.3.90.08.12.367.0007.2.026.01.2400000;SECRETARIA DE EDUCAÇÃO E CIDADANIA;EDUCAÇÃO;EDUCAÇÃO ESPECIAL;OUTROS BENEFÍCIOS ASSISTENCIAIS DO SERVIDOR E DO MILITAR;TESOURO;724,60;724,60;724,60
2026;03;40.10.3.3.90.14.12.361.0007.2.029.01.2200000;SECRETARIA DE EDUCAÇÃO E CIDADANIA;EDUCAÇÃO;ENSINO FUNDAMENTAL;DIÁRIAS - PESSOAL CIVIL;TESOURO;-2.000,00;-2.000,00;-380,00
2026;03;40.10.3.3.90.30.12.306.0007.2.020.05.2820032;SECRETARIA DE EDUCAÇÃO E CIDADANIA;EDUCAÇÃO;ALIMENTAÇÃO E NUTRIÇÃO;MATERIAL DE CONSUMO;TRANSFERENCIAS E CONVENIOS FEDERAIS - VINCULADOS;805.717,90;367.927,97;18.421,75
2026;03;40.10.3.3.90.30.12.306.0007.2.020.05.2830011;SECRETARIA DE EDUCAÇÃO E CIDADANIA;EDUCAÇÃO;ALIMENTAÇÃO E NUTRIÇÃO;MATERIAL DE CONSUMO;TRANSFERENCIAS E CONVENIOS FEDERAIS - VINCULADOS;0,00;618.036,84;150.325,80
2026;03;40.10.3.3.90.30.12.306.0007.2.020.05.2840011;SECRETARIA DE EDUCAÇÃO E CIDADANIA;EDUCAÇÃO;ALIMENTAÇÃO E NUTRIÇÃO;MATERIAL DE CONSUMO;TRANSFERENCIAS E CONVENIOS FEDERAIS - VINCULADOS;163.117,92;838.289,59;322.266,85
2026;03;40.10.3.3.90.30.12.306.0007.2.020.05.2850011;SECRETARIA DE EDUCAÇÃO E CIDADANIA;EDUCAÇÃO;ALIMENTAÇÃO E NUTRIÇÃO;MATERIAL DE CONSUMO;TRANSFERENCIAS E CONVENIOS FEDERAIS - VINCULADOS;0,00;106.854,16;178.540,46
2026;03;40.10.3.3.90.30.12.306.0007.2.020.95.2850011;SECRETARIA DE EDUCAÇÃO E CIDADANIA;EDUCAÇÃO;ALIMENTAÇÃO E NUTRIÇÃO;MATERIAL DE CONSUMO;TRANSFERENCIAS E CONVENIOS FEDERAIS - VINCULADOS - EXERCÍCIO ANTERIOR;63.963,72;5.380,00;0,00
2026;03;40.10.3.3.90.30.12.361.0007.2.027.01.2200000;SECRETARIA DE EDUCAÇÃO E CIDADANIA;EDUCAÇÃO;ENSINO FUNDAMENTAL;MATERIAL DE CONSUMO;TESOURO;267.299,60;468.342,59;22.443.479,65
2026;03;40.10.3.3.90.30.12.361.0007.2.029.01.2200000;SECRETARIA DE EDUCAÇÃO E CIDADANIA;EDUCAÇÃO;ENSINO FUNDAMENTAL;MATERIAL DE CONSUMO;TESOURO;1.103.499,75;607.651,05;534.163,99
2026;03;40.10.3.3.90.30.12.365.0007.2.028.01.2120000;SECRETARIA DE EDUCAÇÃO E CIDADANIA;EDUCAÇÃO;EDUCAÇÃO INFANTIL;MATERIAL DE CONSUMO;TESOURO;0,00;133.168,45;202.413,99
2026;03;40.10.3.3.90.30.12.365.0007.2.028.01.2130000;SECRETARIA DE EDUCAÇÃO E CIDADANIA;EDUCAÇÃO;EDUCAÇÃO INFANTIL;MATERIAL DE CONSUMO;TESOURO;179.778,34;5.951.415,80;18.980,00
2026;03;40.10.3.3.90.30.12.366.0007.2.025.01.2200000;SECRETARIA DE EDUCAÇÃO E CIDADANIA;EDUCAÇÃO;EDUCAÇÃO DE JOVENS E ADULTOS;MATERIAL DE CONSUMO;TESOURO;59.168,40;70.472,58;32.513,10
2026;03;40.10.3.3.90.36.12.361.0007.2.027.01.2200000;SECRETARIA DE EDUCAÇÃO E CIDADANIA;EDUCAÇÃO;ENSINO FUNDAMENTAL;OUTROS SERVIÇOS DE TERCEIROS - PESSOA FÍSICA;TESOURO;5.202,92;5.202,92;5.202,92
2026;03;40.10.3.3.90.36.12.361.0007.2.029.01.2200000;SECRETARIA DE EDUCAÇÃO E CIDADANIA;EDUCAÇÃO;ENSINO FUNDAMENTAL;OUTROS SERVIÇOS DE TERCEIROS - PESSOA FÍSICA;TESOURO;9.645,54;9.645,54;9.645,54
2026;03;40.10.3.3.90.36.12.361.0007.2.032.01.2200000;SECRETARIA DE EDUCAÇÃO E CIDADANIA;EDUCAÇÃO;ENSINO FUNDAMENTAL;OUTROS SERVIÇOS DE TERCEIROS - PESSOA FÍSICA;TESOURO;52.624,34;92.236,88;92.236,88
2026;03;40.10.3.3.90.36.12.361.0007.2.032.02.2200013;SECRETARIA DE EDUCAÇÃO E CIDADANIA;EDUCAÇÃO;ENSINO FUNDAMENTAL;OUTROS SERVIÇOS DE TERCEIROS - PESSOA FÍSICA;TRANSFERENCIAS E CONVENIOS ESTADUAIS - VINCULADOS;0,00;182.340,11;182.340,11
2026;03;40.10.3.3.90.36.12.365.0007.2.028.01.2120000;SECRETARIA DE EDUCAÇÃO E CIDADANIA;EDUCAÇÃO;EDUCAÇÃO INFANTIL;OUTROS SERVIÇOS DE TERCEIROS - PESSOA FÍSICA;TESOURO;3.527,95;3.527,95;3.527,95
2026;03;40.10.3.3.90.36.12.365.0007.2.028.01.2130000;SECRETARIA DE EDUCAÇÃO E CIDADANIA;EDUCAÇÃO;EDUCAÇÃO INFANTIL;OUTROS SERVIÇOS DE TERCEIROS - PESSOA FÍSICA;TESOURO;176.347,10;176.347,10;176.347,10
2026;03;40.10.3.3.90.36.12.365.0007.2.033.01.2100000;SECRETARIA DE EDUCAÇÃO E CIDADANIA;EDUCAÇÃO;EDUCAÇÃO INFANTIL;OUTROS SERVIÇOS DE TERCEIROS - PESSOA FÍSICA;TESOURO;-825.930,00;28.956,16;28.956,16
2026;03;40.10.3.3.90.37.12.361.0007.2.027.01.2200000;SECRETARIA DE EDUCAÇÃO E CIDADANIA;EDUCAÇÃO;ENSINO FUNDAMENTAL;LOCAÇÃO DE MÃO-DE-OBRA;TESOURO;0,00;1.536.553,33;1.029.415,76
2026;03;40.10.3.3.90.37.12.361.0007.2.029.01.2200000;SECRETARIA DE EDUCAÇÃO E CIDADANIA;EDUCAÇÃO;ENSINO FUNDAMENTAL;LOCAÇÃO DE MÃO-DE-OBRA;TESOURO;0,00;844.663,37;565.883,24
2026;03;40.10.3.3.90.37.12.365.0007.2.028.01.2120000;SECRETARIA DE EDUCAÇÃO E CIDADANIA;EDUCAÇÃO;EDUCAÇÃO INFANTIL;LOCAÇÃO DE MÃO-DE-OBRA;TESOURO;0,00;1.792.360,57;1.200.794,13
2026;03;40.10.3.3.90.37.12.365.0007.2.028.01.2130000;SECRETARIA DE EDUCAÇÃO E CIDADANIA;EDUCAÇÃO;EDUCAÇÃO INFANTIL;LOCAÇÃO DE MÃO-DE-OBRA;TESOURO;0,00;1.371.779,12;1.296.815,77
2026;03;40.10.3.3.90.39.04.122.0007.2.022.01.2200103;SECRETARIA DE EDUCAÇÃO E CIDADANIA;ADMINISTRAÇÃO;ADMINISTRAÇÃO GERAL;OUTROS SERVIÇOS DE TERCEIROS -  PESSOA JURÍDICA;TESOURO;509.469,86;1.158.458,63;1.725.596,24
2026;03;40.10.3.3.90.39.12.122.0007.2.024.01.1100000;SECRETARIA DE EDUCAÇÃO E CIDADANIA;EDUCAÇÃO;ADMINISTRAÇÃO GERAL;OUTROS SERVIÇOS DE TERCEIROS -  PESSOA JURÍDICA;TESOURO;1.000,00;483,11;764,11
2026;03;40.10.3.3.90.39.12.306.0007.2.020.01.2200000;SECRETARIA DE EDUCAÇÃO E CIDADANIA;EDUCAÇÃO;ALIMENTAÇÃO E NUTRIÇÃO;OUTROS SERVIÇOS DE TERCEIROS -  PESSOA JURÍDICA;TESOURO;0,00;5.241.274,55;5.241.274,55
2026;03;40.10.3.3.90.39.12.361.0007.2.027.01.2200000;SECRETARIA DE EDUCAÇÃO E CIDADANIA;EDUCAÇÃO;ENSINO FUNDAMENTAL;OUTROS SERVIÇOS DE TERCEIROS -  PESSOA JURÍDICA;TESOURO;1.860.262,43;6.426.440,05;7.124.351,85
2026;03;40.10.3.3.90.39.12.361.0007.2.029.01.2200000;SECRETARIA DE EDUCAÇÃO E CIDADANIA;EDUCAÇÃO;ENSINO FUNDAMENTAL;OUTROS SERVIÇOS DE TERCEIROS -  PESSOA JURÍDICA;TESOURO;555.088,75;836.931,65;853.153,45
2026;03;40.10.3.3.90.39.12.361.0007.2.031.01.2200000;SECRETARIA DE EDUCAÇÃO E CIDADANIA;EDUCAÇÃO;ENSINO FUNDAMENTAL;OUTROS SERVIÇOS DE TERCEIROS -  PESSOA JURÍDICA;TESOURO;0,00;775.424,99;738.009,82
2026;03;40.10.3.3.90.39.12.361.0007.2.032.01.2200000;SECRETARIA DE EDUCAÇÃO E CIDADANIA;EDUCAÇÃO;ENSINO FUNDAMENTAL;OUTROS SERVIÇOS DE TERCEIROS -  PESSOA JURÍDICA;TESOURO;2.300.849,57;894.367,83;900.157,47
2026;03;40.10.3.3.90.39.12.361.0007.2.032.02.2200013;SECRETARIA DE EDUCAÇÃO E CIDADANIA;EDUCAÇÃO;ENSINO FUNDAMENTAL;OUTROS SERVIÇOS DE TERCEIROS -  PESSOA JURÍDICA;TRANSFERENCIAS E CONVENIOS ESTADUAIS - VINCULADOS;1.629.935,79;1.283.634,08;1.283.634,08
2026;03;40.10.3.3.90.39.12.361.0007.2.032.05.2880089;SECRETARIA DE EDUCAÇÃO E CIDADANIA;EDUCAÇÃO;ENSINO FUNDAMENTAL;OUTROS SERVIÇOS DE TERCEIROS -  PESSOA JURÍDICA;TRANSFERENCIAS E CONVENIOS FEDERAIS - VINCULADOS;0,00;11.306,70;11.306,70
2026;03;40.10.3.3.90.39.12.365.0007.2.028.01.2120000;SECRETARIA DE EDUCAÇÃO E CIDADANIA;EDUCAÇÃO;EDUCAÇÃO INFANTIL;OUTROS SERVIÇOS DE TERCEIROS -  PESSOA JURÍDICA;TESOURO;-193.095,62;2.163.402,82;1.812.095,39
2026;03;40.10.3.3.90.39.12.365.0007.2.028.01.2130000;SECRETARIA DE EDUCAÇÃO E CIDADANIA;EDUCAÇÃO;EDUCAÇÃO INFANTIL;OUTROS SERVIÇOS DE TERCEIROS -  PESSOA JURÍDICA;TESOURO;352.063,64;533.671,41;295.809,30
2026;03;40.10.3.3.90.39.12.365.0007.2.033.01.2100000;SECRETARIA DE EDUCAÇÃO E CIDADANIA;EDUCAÇÃO;EDUCAÇÃO INFANTIL;OUTROS SERVIÇOS DE TERCEIROS -  PESSOA JURÍDICA;TESOURO;7.312,20;244.344,52;244.344,52
2026;03;40.10.3.3.90.40.12.361.0007.2.029.01.2200000;SECRETARIA DE EDUCAÇÃO E CIDADANIA;EDUCAÇÃO;ENSINO FUNDAMENTAL;SERVIÇOS DE TECNOLOGIA DA INFORMAÇÃO E COMUNICAÇÃO - PJ;TESOURO;4.678.710,34;2.329.788,15;2.789.931,25
2026;03;40.10.3.3.90.46.12.122.0007.2.024.01.1100000;SECRETARIA DE EDUCAÇÃO E CIDADANIA;EDUCAÇÃO;ADMINISTRAÇÃO GERAL;AUXÍLIO ALIMENTAÇÃO;TESOURO;396,00;396,00;396,00
2026;03;40.10.3.3.90.46.12.361.0007.2.027.01.2200000;SECRETARIA DE EDUCAÇÃO E CIDADANIA;EDUCAÇÃO;ENSINO FUNDAMENTAL;AUXÍLIO ALIMENTAÇÃO;TESOURO;1.090.623,00;1.090.623,00;1.090.623,00
2026;03;40.10.3.3.90.46.12.361.0007.2.029.01.2200000;SECRETARIA DE EDUCAÇÃO E CIDADANIA;EDUCAÇÃO;ENSINO FUNDAMENTAL;AUXÍLIO ALIMENTAÇÃO;TESOURO;66.274,50;66.274,50;66.274,50
2026;03;40.10.3.3.90.46.12.365.0007.2.028.01.2120000;SECRETARIA DE EDUCAÇÃO E CIDADANIA;EDUCAÇÃO;EDUCAÇÃO INFANTIL;AUXÍLIO ALIMENTAÇÃO;TESOURO;69.139,50;69.139,50;69.139,50
2026;03;40.10.3.3.90.46.12.365.0007.2.028.01.2130000;SECRETARIA DE EDUCAÇÃO E CIDADANIA;EDUCAÇÃO;EDUCAÇÃO INFANTIL;AUXÍLIO ALIMENTAÇÃO;TESOURO;941.629,50;941.629,50;941.629,50
2026;03;40.10.3.3.90.46.12.367.0007.2.026.01.2400000;SECRETARIA DE EDUCAÇÃO E CIDADANIA;EDUCAÇÃO;EDUCAÇÃO ESPECIAL;AUXÍLIO ALIMENTAÇÃO;TESOURO;14.553,00;14.553,00;14.553,00
2026;03;40.10.3.3.90.92.04.122.0007.2.022.01.2200103;SECRETARIA DE EDUCAÇÃO E CIDADANIA;ADMINISTRAÇÃO;ADMINISTRAÇÃO GERAL;DESPESAS DE EXERCÍCIOS ANTERIORES;TESOURO;976.121,90;0,00;0,00
2026;03;40.10.3.3.90.92.12.361.0007.2.031.01.2200000;SECRETARIA DE EDUCAÇÃO E CIDADANIA;EDUCAÇÃO;ENSINO FUNDAMENTAL;DESPESAS DE EXERCÍCIOS ANTERIORES;TESOURO;0,00;188.313,83;128.238,03
2026;03;40.10.3.3.90.92.12.361.0007.2.032.01.2200000;SECRETARIA DE EDUCAÇÃO E CIDADANIA;EDUCAÇÃO;ENSINO FUNDAMENTAL;DESPESAS DE EXERCÍCIOS ANTERIORES;TESOURO;0,00;1.098,20;1.098,20
2026;03;40.10.3.3.90.93.12.361.0007.2.027.01.2200000;SECRETARIA DE EDUCAÇÃO E CIDADANIA;EDUCAÇÃO;ENSINO FUNDAMENTAL;INDENIZAÇÕES E RESTITUIÇÕES;TESOURO;409.563,63;409.563,63;219.250,34
2026;03;40.10.3.3.91.39.12.361.0007.2.027.01.2200000;SECRETARIA DE EDUCAÇÃO E CIDADANIA;EDUCAÇÃO;ENSINO FUNDAMENTAL;OUTROS SERVIÇOS DE TERCEIROS - PESSOA JURÍDICA;TESOURO;0,00;1.698.182,28;1.684.964,59
2026;03;40.10.4.4.90.51.12.361.0007.1.003.01.2200000;SECRETARIA DE EDUCAÇÃO E CIDADANIA;EDUCAÇÃO;ENSINO FUNDAMENTAL;OBRAS E INSTALAÇÕES;TESOURO;-2.924.980,58;2.139.026,21;1.540.213,28
2026;03;40.10.4.4.90.51.12.365.0007.1.004.01.2120000;SECRETARIA DE EDUCAÇÃO E CIDADANIA;EDUCAÇÃO;EDUCAÇÃO INFANTIL;OBRAS E INSTALAÇÕES;TESOURO;268.975,35;325.718,67;216.924,57
2026;03;40.10.4.4.90.51.12.365.0007.1.004.01.2950261;SECRETARIA DE EDUCAÇÃO E CIDADANIA;EDUCAÇÃO;EDUCAÇÃO INFANTIL;OBRAS E INSTALAÇÕES;TESOURO;0,00;0,00;969,79
2026;03;40.10.4.4.90.51.12.365.0007.1.004.05.2950261;SECRETARIA DE EDUCAÇÃO E CIDADANIA;EDUCAÇÃO;EDUCAÇÃO INFANTIL;OBRAS E INSTALAÇÕES;TRANSFERENCIAS E CONVENIOS FEDERAIS - VINCULADOS;0,00;0,00;31.302,12
2026;03;40.10.4.4.90.52.12.361.0007.2.027.01.2200000;SECRETARIA DE EDUCAÇÃO E CIDADANIA;EDUCAÇÃO;ENSINO FUNDAMENTAL;EQUIPAMENTOS E MATERIAL PERMANENTE;TESOURO;936.862,31;7.560,00;526.217,00
2026;03;40.10.4.4.90.52.12.365.0007.2.028.01.2130000;SECRETARIA DE EDUCAÇÃO E CIDADANIA;EDUCAÇÃO;EDUCAÇÃO INFANTIL;EQUIPAMENTOS E MATERIAL PERMANENTE;TESOURO;100.405,50;153.262,73;224.584,83
2026;03;40.10.4.4.90.52.12.367.0007.2.026.92.8010281;SECRETARIA DE EDUCAÇÃO E CIDADANIA;EDUCAÇÃO;EDUCAÇÃO ESPECIAL;EQUIPAMENTOS E MATERIAL PERMANENTE;TRANSFERENCIAS E CONVENIOS ESTADUAIS - VINCULADOS - EXERCÍCIO ANTERIOR;197.864,56;0,00;0,00
2026;03;40.20.3.1.90.04.12.361.0007.2.036.02.2610000;SECRETARIA DE EDUCAÇÃO E CIDADANIA;EDUCAÇÃO;ENSINO FUNDAMENTAL;CONTRATAÇÃO POR TEMPO DETERMINADO;TRANSFERENCIAS E CONVENIOS ESTADUAIS - VINCULADOS;3.145.125,10;3.145.125,10;3.143.987,99
2026;03;40.20.3.1.90.04.12.365.0007.2.034.02.2710000;SECRETARIA DE EDUCAÇÃO E CIDADANIA;EDUCAÇÃO;EDUCAÇÃO INFANTIL;CONTRATAÇÃO POR TEMPO DETERMINADO;TRANSFERENCIAS E CONVENIOS ESTADUAIS - VINCULADOS;213.276,92;213.276,92;213.276,92
2026;03;40.20.3.1.90.04.12.365.0007.2.037.02.2720000;SECRETARIA DE EDUCAÇÃO E CIDADANIA;EDUCAÇÃO;EDUCAÇÃO INFANTIL;CONTRATAÇÃO POR TEMPO DETERMINADO;TRANSFERENCIAS E CONVENIOS ESTADUAIS - VINCULADOS;1.329.562,70;1.329.562,70;1.329.562,70
2026;03;40.20.3.1.90.11.12.361.0007.2.036.02.2610000;SECRETARIA DE EDUCAÇÃO E CIDADANIA;EDUCAÇÃO;ENSINO FUNDAMENTAL;VENCIMENTOS E VANTAGENS FIXAS -  PESSOAL CIVIL;TRANSFERENCIAS E CONVENIOS ESTADUAIS - VINCULADOS;10.693.431,20;10.693.431,20;10.698.331,04
2026;03;40.20.3.1.90.11.12.361.0007.2.036.92.2642025;SECRETARIA DE EDUCAÇÃO E CIDADANIA;EDUCAÇÃO;ENSINO FUNDAMENTAL;VENCIMENTOS E VANTAGENS FIXAS -  PESSOAL CIVIL;TRANSFERENCIAS E CONVENIOS ESTADUAIS - VINCULADOS - EXERCÍCIO ANTERIOR;4.980.715,50;4.980.715,50;4.980.715,50
2026;03;40.20.3.1.90.11.12.361.0007.2.038.02.2610000;SECRETARIA DE EDUCAÇÃO E CIDADANIA;EDUCAÇÃO;ENSINO FUNDAMENTAL;VENCIMENTOS E VANTAGENS FIXAS -  PESSOAL CIVIL;TRANSFERENCIAS E CONVENIOS ESTADUAIS - VINCULADOS;1.098.053,76;1.098.053,76;1.103.314,66
2026;03;40.20.3.1.90.11.12.365.0007.2.034.02.2710000;SECRETARIA DE EDUCAÇÃO E CIDADANIA;EDUCAÇÃO;EDUCAÇÃO INFANTIL;VENCIMENTOS E VANTAGENS FIXAS -  PESSOAL CIVIL;TRANSFERENCIAS E CONVENIOS ESTADUAIS - VINCULADOS;875.961,87;875.961,87;875.961,87
2026;03;40.20.3.1.90.11.12.365.0007.2.037.02.2720000;SECRETARIA DE EDUCAÇÃO E CIDADANIA;EDUCAÇÃO;EDUCAÇÃO INFANTIL;VENCIMENTOS E VANTAGENS FIXAS -  PESSOAL CIVIL;TRANSFERENCIAS E CONVENIOS ESTADUAIS - VINCULADOS;10.931.186,52;10.931.186,52;10.943.671,26
2026;03;40.20.3.1.90.11.12.367.0007.2.035.02.2610000;SECRETARIA DE EDUCAÇÃO E CIDADANIA;EDUCAÇÃO;EDUCAÇÃO ESPECIAL;VENCIMENTOS E VANTAGENS FIXAS -  PESSOAL CIVIL;TRANSFERENCIAS E CONVENIOS ESTADUAIS - VINCULADOS;247.905,89;247.905,89;247.905,89
2026;03;40.20.3.1.90.13.12.361.0007.2.036.02.2610000;SECRETARIA DE EDUCAÇÃO E CIDADANIA;EDUCAÇÃO;ENSINO FUNDAMENTAL;OBRIGAÇÕES PATRONAIS;TRANSFERENCIAS E CONVENIOS ESTADUAIS - VINCULADOS;632.652,16;632.652,16;632.652,16
2026;03;40.20.3.1.90.13.12.365.0007.2.037.02.2720000;SECRETARIA DE EDUCAÇÃO E CIDADANIA;EDUCAÇÃO;EDUCAÇÃO INFANTIL;OBRIGAÇÕES PATRONAIS;TRANSFERENCIAS E CONVENIOS ESTADUAIS - VINCULADOS;203.916,62;203.916,62;203.916,62
2026;03;40.20.3.1.90.16.12.361.0007.2.036.02.2610000;SECRETARIA DE EDUCAÇÃO E CIDADANIA;EDUCAÇÃO;ENSINO FUNDAMENTAL;OUTRAS DESPESAS VARIÁVEIS - PESSOAL CIVIL;TRANSFERENCIAS E CONVENIOS ESTADUAIS - VINCULADOS;775.159,33;775.159,33;771.892,41
2026;03;40.20.3.1.90.16.12.361.0007.2.038.02.2610000;SECRETARIA DE EDUCAÇÃO E CIDADANIA;EDUCAÇÃO;ENSINO FUNDAMENTAL;OUTRAS DESPESAS VARIÁVEIS - PESSOAL CIVIL;TRANSFERENCIAS E CONVENIOS ESTADUAIS - VINCULADOS;2.356,81;2.356,81;2.356,81
2026;03;40.20.3.1.90.16.12.365.0007.2.034.02.2710000;SECRETARIA DE EDUCAÇÃO E CIDADANIA;EDUCAÇÃO;EDUCAÇÃO INFANTIL;OUTRAS DESPESAS VARIÁVEIS - PESSOAL CIVIL;TRANSFERENCIAS E CONVENIOS ESTADUAIS - VINCULADOS;3.690,06;3.690,06;3.690,06
2026;03;40.20.3.1.90.16.12.365.0007.2.037.02.2720000;SECRETARIA DE EDUCAÇÃO E CIDADANIA;EDUCAÇÃO;EDUCAÇÃO INFANTIL;OUTRAS DESPESAS VARIÁVEIS - PESSOAL CIVIL;TRANSFERENCIAS E CONVENIOS ESTADUAIS - VINCULADOS;212.174,84;212.174,84;212.174,84
2026;03;40.20.3.1.90.16.12.367.0007.2.035.02.2610000;SECRETARIA DE EDUCAÇÃO E CIDADANIA;EDUCAÇÃO;EDUCAÇÃO ESPECIAL;OUTRAS DESPESAS VARIÁVEIS - PESSOAL CIVIL;TRANSFERENCIAS E CONVENIOS ESTADUAIS - VINCULADOS;513,60;513,60;513,60
2026;03;40.20.3.1.90.94.12.361.0007.2.036.02.2610000;SECRETARIA DE EDUCAÇÃO E CIDADANIA;EDUCAÇÃO;ENSINO FUNDAMENTAL;INDENIZAÇÕES E RESTITUIÇÕES TRABALHISTAS;TRANSFERENCIAS E CONVENIOS ESTADUAIS - VINCULADOS;144.126,82;144.126,82;146.500,06
2026;03;40.20.3.1.90.94.12.361.0007.2.038.02.2610000;SECRETARIA DE EDUCAÇÃO E CIDADANIA;EDUCAÇÃO;ENSINO FUNDAMENTAL;INDENIZAÇÕES E RESTITUIÇÕES TRABALHISTAS;TRANSFERENCIAS E CONVENIOS ESTADUAIS - VINCULADOS;79.554,96;79.554,96;71.401,19
2026;03;40.20.3.1.90.94.12.365.0007.2.037.02.2720000;SECRETARIA DE EDUCAÇÃO E CIDADANIA;EDUCAÇÃO;EDUCAÇÃO INFANTIL;INDENIZAÇÕES E RESTITUIÇÕES TRABALHISTAS;TRANSFERENCIAS E CONVENIOS ESTADUAIS - VINCULADOS;123.298,14;123.298,14;106.721,67
2026;03;40.20.3.1.91.13.12.361.0007.2.036.02.2610000;SECRETARIA DE EDUCAÇÃO E CIDADANIA;EDUCAÇÃO;ENSINO FUNDAMENTAL;OBRIGAÇÕES PATRONAIS;TRANSFERENCIAS E CONVENIOS ESTADUAIS - VINCULADOS;4.729.923,09;4.729.923,09;4.729.923,09
2026;03;40.20.3.1.91.13.12.361.0007.2.038.02.2610000;SECRETARIA DE EDUCAÇÃO E CIDADANIA;EDUCAÇÃO;ENSINO FUNDAMENTAL;OBRIGAÇÕES PATRONAIS;TRANSFERENCIAS E CONVENIOS ESTADUAIS - VINCULADOS;572.700,26;572.700,26;572.700,26
2026;03;40.20.3.1.91.13.12.365.0007.2.034.02.2710000;SECRETARIA DE EDUCAÇÃO E CIDADANIA;EDUCAÇÃO;EDUCAÇÃO INFANTIL;OBRIGAÇÕES PATRONAIS;TRANSFERENCIAS E CONVENIOS ESTADUAIS - VINCULADOS;290.277,68;290.277,68;290.277,68
2026;03;40.20.3.1.91.13.12.365.0007.2.037.02.2720000;SECRETARIA DE EDUCAÇÃO E CIDADANIA;EDUCAÇÃO;EDUCAÇÃO INFANTIL;OBRIGAÇÕES PATRONAIS;TRANSFERENCIAS E CONVENIOS ESTADUAIS - VINCULADOS;3.276.788,98;3.276.788,98;3.276.788,98
2026;03;40.20.3.1.91.13.12.367.0007.2.035.02.2610000;SECRETARIA DE EDUCAÇÃO E CIDADANIA;EDUCAÇÃO;EDUCAÇÃO ESPECIAL;OBRIGAÇÕES PATRONAIS;TRANSFERENCIAS E CONVENIOS ESTADUAIS - VINCULADOS;74.388,79;74.388,79;74.388,79
2026;03;40.20.3.3.50.39.12.365.0007.2.037.02.2740000;SECRETARIA DE EDUCAÇÃO E CIDADANIA;EDUCAÇÃO;EDUCAÇÃO INFANTIL;OUTROS SERVIÇOS DE TERCEIROS -PESSOA JURÍDICA;TRANSFERENCIAS E CONVENIOS ESTADUAIS - VINCULADOS;0,00;0,00;256.001,41
2026;03;40.20.3.3.90.39.12.361.0007.2.036.05.2607004;SECRETARIA DE EDUCAÇÃO E CIDADANIA;EDUCAÇÃO;ENSINO FUNDAMENTAL;OUTROS SERVIÇOS DE TERCEIROS -  PESSOA JURÍDICA;TRANSFERENCIAS E CONVENIOS FEDERAIS - VINCULADOS;0,00;0,00;338.466,30
2026;03;45.10.3.1.90.11.27.812.0008.2.003.01.1100000;SECRETARIA DE ESPORTE E QUALIDADE DE VIDA;DESPORTO E LAZER;DESPORTO COMUNITÁRIO;VENCIMENTOS E VANTAGENS FIXAS -  PESSOAL CIVIL;TESOURO;574.213,58;574.213,58;574.213,58
2026;03;45.10.3.3.50.39.27.812.0008.2.039.01.1100000;SECRETARIA DE ESPORTE E QUALIDADE DE VIDA;DESPORTO E LAZER;DESPORTO COMUNITÁRIO;OUTROS SERVIÇOS DE TERCEIROS -PESSOA JURÍDICA;TESOURO;0,00;0,00;142.069,97
2026;03;45.10.3.3.50.85.27.812.0008.2.039.01.1100000;SECRETARIA DE ESPORTE E QUALIDADE DE VIDA;DESPORTO E LAZER;DESPORTO COMUNITÁRIO;CONTRATO DE GESTÃO-;TESOURO;0,00;2.063.400,38;2.147.169,07
2026;03;45.10.3.3.90.30.27.812.0008.2.003.01.1100000;SECRETARIA DE ESPORTE E QUALIDADE DE VIDA;DESPORTO E LAZER;DESPORTO COMUNITÁRIO;MATERIAL DE CONSUMO;TESOURO;1.500,00;1.500,00;1.500,00
2026;03;45.10.3.3.90.30.27.812.0008.2.039.01.1100000;SECRETARIA DE ESPORTE E QUALIDADE DE VIDA;DESPORTO E LAZER;DESPORTO COMUNITÁRIO;MATERIAL DE CONSUMO;TESOURO;13.108,00;55.731,16;170.728,59
2026;03;45.10.3.3.90.30.27.812.0008.2.040.01.1100000;SECRETARIA DE ESPORTE E QUALIDADE DE VIDA;DESPORTO E LAZER;DESPORTO COMUNITÁRIO;MATERIAL DE CONSUMO;TESOURO;0,00;5.426,75;724,50
2026;03;45.10.3.3.90.30.27.812.0008.2.041.01.1100000;SECRETARIA DE ESPORTE E QUALIDADE DE VIDA;DESPORTO E LAZER;DESPORTO COMUNITÁRIO;MATERIAL DE CONSUMO;TESOURO;0,00;43.715,00;78.123,00
2026;03;45.10.3.3.90.31.27.812.0008.2.041.01.1100000;SECRETARIA DE ESPORTE E QUALIDADE DE VIDA;DESPORTO E LAZER;DESPORTO COMUNITÁRIO;PREMIAÇÕES CULTURAIS, ARTÍSTICAS, CIENTÍFICAS, DESPORTIVAS E OUTRAS;TESOURO;0,00;68.182,60;2.397,50
2026;03;45.10.3.3.90.36.27.812.0008.2.003.01.1100000;SECRETARIA DE ESPORTE E QUALIDADE DE VIDA;DESPORTO E LAZER;DESPORTO COMUNITÁRIO;OUTROS SERVIÇOS DE TERCEIROS - PESSOA FÍSICA;TESOURO;9.910,32;9.910,32;9.910,32
2026;03;45.10.3.3.90.36.27.812.0008.2.039.01.1100000;SECRETARIA DE ESPORTE E QUALIDADE DE VIDA;DESPORTO E LAZER;DESPORTO COMUNITÁRIO;OUTROS SERVIÇOS DE TERCEIROS - PESSOA FÍSICA;TESOURO;62.758,05;61.758,05;64.159,85
2026;03;45.10.3.3.90.36.27.812.0008.2.040.01.1100000;SECRETARIA DE ESPORTE E QUALIDADE DE VIDA;DESPORTO E LAZER;DESPORTO COMUNITÁRIO;OUTROS SERVIÇOS DE TERCEIROS - PESSOA FÍSICA;TESOURO;127.999,90;127.999,90;127.999,90
2026;03;45.10.3.3.90.36.27.812.0008.2.041.01.1100000;SECRETARIA DE ESPORTE E QUALIDADE DE VIDA;DESPORTO E LAZER;DESPORTO COMUNITÁRIO;OUTROS SERVIÇOS DE TERCEIROS - PESSOA FÍSICA;TESOURO;55.490,00;55.490,00;63.430,00
2026;03;45.10.3.3.90.39.27.812.0008.2.003.01.1100000;SECRETARIA DE ESPORTE E QUALIDADE DE VIDA;DESPORTO E LAZER;DESPORTO COMUNITÁRIO;OUTROS SERVIÇOS DE TERCEIROS -  PESSOA JURÍDICA;TESOURO;500,00;500,00;500,00
2026;03;45.10.3.3.90.39.27.812.0008.2.039.01.1100000;SECRETARIA DE ESPORTE E QUALIDADE DE VIDA;DESPORTO E LAZER;DESPORTO COMUNITÁRIO;OUTROS SERVIÇOS DE TERCEIROS -  PESSOA JURÍDICA;TESOURO;79.216,37;422.578,41;281.581,45
2026;03;45.10.3.3.90.39.27.812.0008.2.040.01.1100000;SECRETARIA DE ESPORTE E QUALIDADE DE VIDA;DESPORTO E LAZER;DESPORTO COMUNITÁRIO;OUTROS SERVIÇOS DE TERCEIROS -  PESSOA JURÍDICA;TESOURO;32.032,58;32.126,77;191.104,67
2026;03;45.10.3.3.90.39.27.812.0008.2.041.01.1100000;SECRETARIA DE ESPORTE E QUALIDADE DE VIDA;DESPORTO E LAZER;DESPORTO COMUNITÁRIO;OUTROS SERVIÇOS DE TERCEIROS -  PESSOA JURÍDICA;TESOURO;11.638,00;63.833,00;23.683,00
2026;03;45.10.3.3.90.39.27.812.0008.2.042.01.1100000;SECRETARIA DE ESPORTE E QUALIDADE DE VIDA;DESPORTO E LAZER;DESPORTO COMUNITÁRIO;OUTROS SERVIÇOS DE TERCEIROS -  PESSOA JURÍDICA;TESOURO;751.783,77;775.529,40;1.523.070,40
2026;03;45.10.3.3.90.39.27.812.0008.2.042.03.1000195;SECRETARIA DE ESPORTE E QUALIDADE DE VIDA;DESPORTO E LAZER;DESPORTO COMUNITÁRIO;OUTROS SERVIÇOS DE TERCEIROS -  PESSOA JURÍDICA;RECURSOS PROPRIOS DE FUNDOS ESPECIAIS DE DESPESA - VINCULADOS;13.843.076,95;0,00;0,00
2026;03;45.10.3.3.90.48.27.812.0008.2.042.01.1100000;SECRETARIA DE ESPORTE E QUALIDADE DE VIDA;DESPORTO E LAZER;DESPORTO COMUNITÁRIO;OUTROS AUXÍLIOS FINANCEIROS A PESSOA FÍSICA;TESOURO;852.570,20;852.570,20;763.805,84
2026;03;45.10.3.3.90.48.27.812.0008.2.042.03.1000195;SECRETARIA DE ESPORTE E QUALIDADE DE VIDA;DESPORTO E LAZER;DESPORTO COMUNITÁRIO;OUTROS AUXÍLIOS FINANCEIROS A PESSOA FÍSICA;RECURSOS PROPRIOS DE FUNDOS ESPECIAIS DE DESPESA - VINCULADOS;1.166.692,24;0,00;0,00
2026;03;45.10.3.3.90.92.27.812.0008.2.039.01.1100000;SECRETARIA DE ESPORTE E QUALIDADE DE VIDA;DESPORTO E LAZER;DESPORTO COMUNITÁRIO;DESPESAS DE EXERCÍCIOS ANTERIORES;TESOURO;6.950,00;6.950,00;1.015,74
2026;03;45.10.4.4.90.51.27.812.0008.1.005.01.1100000;SECRETARIA DE ESPORTE E QUALIDADE DE VIDA;DESPORTO E LAZER;DESPORTO COMUNITÁRIO;OBRAS E INSTALAÇÕES;TESOURO;126.839,51;0,00;0,00
2026;03;45.10.4.4.90.51.27.812.0008.1.005.95.1000260;SECRETARIA DE ESPORTE E QUALIDADE DE VIDA;DESPORTO E LAZER;DESPORTO COMUNITÁRIO;OBRAS E INSTALAÇÕES;TRANSFERENCIAS E CONVENIOS FEDERAIS - VINCULADOS - EXERCÍCIO ANTERIOR;786.109,05;159.967,53;63.985,22
2026;03;45.10.4.4.90.51.27.812.0008.1.005.95.8000138;SECRETARIA DE ESPORTE E QUALIDADE DE VIDA;DESPORTO E LAZER;DESPORTO COMUNITÁRIO;OBRAS E INSTALAÇÕES;TRANSFERENCIAS E CONVENIOS FEDERAIS - VINCULADOS - EXERCÍCIO ANTERIOR;79.158,40;0,00;0,00
2026;03;45.10.4.4.90.52.27.812.0008.2.039.01.1100000;SECRETARIA DE ESPORTE E QUALIDADE DE VIDA;DESPORTO E LAZER;DESPORTO COMUNITÁRIO;EQUIPAMENTOS E MATERIAL PERMANENTE;TESOURO;10.397,00;15.784,00;35.385,80
2026;03;50.10.3.1.90.11.08.244.0009.2.003.01.5100000;SECRETARIA DE APOIO SOCIAL AO CIDADÃO;ASSISTÊNCIA SOCIAL;ASSISTÊNCIA COMUNITÁRIA;VENCIMENTOS E VANTAGENS FIXAS -  PESSOAL CIVIL;TESOURO;889.811,43;889.811,43;889.811,43
2026;03;50.10.3.3.50.39.08.244.0009.2.043.01.5100000;SECRETARIA DE APOIO SOCIAL AO CIDADÃO;ASSISTÊNCIA SOCIAL;ASSISTÊNCIA COMUNITÁRIA;OUTROS SERVIÇOS DE TERCEIROS -PESSOA JURÍDICA;TESOURO;6.208.116,08;3.346.661,72;2.889.702,88
2026;03;50.10.3.3.50.39.08.244.0009.2.043.05.5000276;SECRETARIA DE APOIO SOCIAL AO CIDADÃO;ASSISTÊNCIA SOCIAL;ASSISTÊNCIA COMUNITÁRIA;OUTROS SERVIÇOS DE TERCEIROS -PESSOA JURÍDICA;TRANSFERENCIAS E CONVENIOS FEDERAIS - VINCULADOS;-1.000.000,00;0,00;0,00
2026;03;50.10.3.3.50.39.08.244.0009.2.044.01.5100000;SECRETARIA DE APOIO SOCIAL AO CIDADÃO;ASSISTÊNCIA SOCIAL;ASSISTÊNCIA COMUNITÁRIA;OUTROS SERVIÇOS DE TERCEIROS -PESSOA JURÍDICA;TESOURO;292.143,65;4.111.080,60;4.939.164,12
2026;03;50.10.3.3.50.39.08.244.0009.2.044.03.5000072;SECRETARIA DE APOIO SOCIAL AO CIDADÃO;ASSISTÊNCIA SOCIAL;ASSISTÊNCIA COMUNITÁRIA;OUTROS SERVIÇOS DE TERCEIROS -PESSOA JURÍDICA;RECURSOS PROPRIOS DE FUNDOS ESPECIAIS DE DESPESA - VINCULADOS;615.000,00;398.748,02;398.748,02
2026;03;50.10.3.3.50.39.08.244.0009.2.044.03.5000193;SECRETARIA DE APOIO SOCIAL AO CIDADÃO;ASSISTÊNCIA SOCIAL;ASSISTÊNCIA COMUNITÁRIA;OUTROS SERVIÇOS DE TERCEIROS -PESSOA JURÍDICA;RECURSOS PROPRIOS DE FUNDOS ESPECIAIS DE DESPESA - VINCULADOS;168.335,33;67.056,50;0,00
2026;03;50.10.3.3.90.14.08.244.0009.2.003.01.5100000;SECRETARIA DE APOIO SOCIAL AO CIDADÃO;ASSISTÊNCIA SOCIAL;ASSISTÊNCIA COMUNITÁRIA;DIÁRIAS - PESSOAL CIVIL;TESOURO;1.080,00;1.080,00;1.080,00
2026;03;50.10.3.3.90.30.08.244.0009.2.003.01.5100000;SECRETARIA DE APOIO SOCIAL AO CIDADÃO;ASSISTÊNCIA SOCIAL;ASSISTÊNCIA COMUNITÁRIA;MATERIAL DE CONSUMO;TESOURO;2.000,00;2.000,00;2.000,00
2026;03;50.10.3.3.90.30.08.244.0009.2.044.01.5100000;SECRETARIA DE APOIO SOCIAL AO CIDADÃO;ASSISTÊNCIA SOCIAL;ASSISTÊNCIA COMUNITÁRIA;MATERIAL DE CONSUMO;TESOURO;0,00;0,00;13.425,00
2026;03;50.10.3.3.90.30.08.244.0009.2.045.01.5100000;SECRETARIA DE APOIO SOCIAL AO CIDADÃO;ASSISTÊNCIA SOCIAL;ASSISTÊNCIA COMUNITÁRIA;MATERIAL DE CONSUMO;TESOURO;19.074,60;43.936,50;35.581,40
2026;03;50.10.3.3.90.32.08.244.0009.2.044.01.5100000;SECRETARIA DE APOIO SOCIAL AO CIDADÃO;ASSISTÊNCIA SOCIAL;ASSISTÊNCIA COMUNITÁRIA;MATERIAL, BEM OU SERVIÇO PARA DISTRIBUIÇÃO GRATUITA;TESOURO;0,00;35.000,00;35.000,00
2026;03;50.10.3.3.90.36.08.244.0009.2.003.01.5100000;SECRETARIA DE APOIO SOCIAL AO CIDADÃO;ASSISTÊNCIA SOCIAL;ASSISTÊNCIA COMUNITÁRIA;OUTROS SERVIÇOS DE TERCEIROS - PESSOA FÍSICA;TESOURO;12.215,71;12.215,71;12.215,71
2026;03;50.10.3.3.90.36.08.244.0009.2.043.01.5100000;SECRETARIA DE APOIO SOCIAL AO CIDADÃO;ASSISTÊNCIA SOCIAL;ASSISTÊNCIA COMUNITÁRIA;OUTROS SERVIÇOS DE TERCEIROS - PESSOA FÍSICA;TESOURO;45.070,56;5.007,84;0,00
2026;03;50.10.3.3.90.36.08.244.0009.2.043.05.5000275;SECRETARIA DE APOIO SOCIAL AO CIDADÃO;ASSISTÊNCIA SOCIAL;ASSISTÊNCIA COMUNITÁRIA;OUTROS SERVIÇOS DE TERCEIROS - PESSOA FÍSICA;TRANSFERENCIAS E CONVENIOS FEDERAIS - VINCULADOS;-0,02;5.944,10;12.434,38
2026;03;50.10.3.3.90.36.08.244.0009.2.043.05.5000276;SECRETARIA DE APOIO SOCIAL AO CIDADÃO;ASSISTÊNCIA SOCIAL;ASSISTÊNCIA COMUNITÁRIA;OUTROS SERVIÇOS DE TERCEIROS - PESSOA FÍSICA;TRANSFERENCIAS E CONVENIOS FEDERAIS - VINCULADOS;-0,02;0,00;4.824,40
2026;03;50.10.3.3.90.36.08.244.0009.2.046.01.5100000;SECRETARIA DE APOIO SOCIAL AO CIDADÃO;ASSISTÊNCIA SOCIAL;ASSISTÊNCIA COMUNITÁRIA;OUTROS SERVIÇOS DE TERCEIROS - PESSOA FÍSICA;TESOURO;140.353,48;198.358,39;196.177,48
2026;03;50.10.3.3.90.39.08.244.0009.2.003.01.5100000;SECRETARIA DE APOIO SOCIAL AO CIDADÃO;ASSISTÊNCIA SOCIAL;ASSISTÊNCIA COMUNITÁRIA;OUTROS SERVIÇOS DE TERCEIROS -  PESSOA JURÍDICA;TESOURO;-110,00;-110,00;1.390,00
2026;03;50.10.3.3.90.39.08.244.0009.2.043.01.5100000;SECRETARIA DE APOIO SOCIAL AO CIDADÃO;ASSISTÊNCIA SOCIAL;ASSISTÊNCIA COMUNITÁRIA;OUTROS SERVIÇOS DE TERCEIROS -  PESSOA JURÍDICA;TESOURO;10.800,00;0,00;0,00
2026;03;50.10.3.3.90.39.08.244.0009.2.043.05.5000275;SECRETARIA DE APOIO SOCIAL AO CIDADÃO;ASSISTÊNCIA SOCIAL;ASSISTÊNCIA COMUNITÁRIA;OUTROS SERVIÇOS DE TERCEIROS -  PESSOA JURÍDICA;TRANSFERENCIAS E CONVENIOS FEDERAIS - VINCULADOS;180.984,28;0,00;0,00
2026;03;50.10.3.3.90.39.08.244.0009.2.043.05.5000276;SECRETARIA DE APOIO SOCIAL AO CIDADÃO;ASSISTÊNCIA SOCIAL;ASSISTÊNCIA COMUNITÁRIA;OUTROS SERVIÇOS DE TERCEIROS -  PESSOA JURÍDICA;TRANSFERENCIAS E CONVENIOS FEDERAIS - VINCULADOS;125.980,16;0,00;76.285,24
2026;03;50.10.3.3.90.39.08.244.0009.2.045.01.5100000;SECRETARIA DE APOIO SOCIAL AO CIDADÃO;ASSISTÊNCIA SOCIAL;ASSISTÊNCIA COMUNITÁRIA;OUTROS SERVIÇOS DE TERCEIROS -  PESSOA JURÍDICA;TESOURO;-98.817,56;645.992,96;540.016,30
2026;03;50.10.3.3.90.39.08.244.0009.2.046.01.5100000;SECRETARIA DE APOIO SOCIAL AO CIDADÃO;ASSISTÊNCIA SOCIAL;ASSISTÊNCIA COMUNITÁRIA;OUTROS SERVIÇOS DE TERCEIROS -  PESSOA JURÍDICA;TESOURO;87.232,18;63.721,53;53.649,59
2026;03;50.10.3.3.90.40.08.244.0009.2.045.01.5100000;SECRETARIA DE APOIO SOCIAL AO CIDADÃO;ASSISTÊNCIA SOCIAL;ASSISTÊNCIA COMUNITÁRIA;SERVIÇOS DE TECNOLOGIA DA INFORMAÇÃO E COMUNICAÇÃO - PJ;TESOURO;0,00;27.150,00;27.150,00
2026;03;50.10.3.3.90.48.08.244.0009.2.043.01.5100000;SECRETARIA DE APOIO SOCIAL AO CIDADÃO;ASSISTÊNCIA SOCIAL;ASSISTÊNCIA COMUNITÁRIA;OUTROS AUXÍLIOS FINANCEIROS A PESSOA FÍSICA;TESOURO;428.800,00;428.800,00;428.800,00
2026;03;50.10.3.3.90.93.08.244.0009.2.043.92.5000041;SECRETARIA DE APOIO SOCIAL AO CIDADÃO;ASSISTÊNCIA SOCIAL;ASSISTÊNCIA COMUNITÁRIA;INDENIZAÇÕES E RESTITUIÇÕES;TRANSFERENCIAS E CONVENIOS ESTADUAIS - VINCULADOS - EXERCÍCIO ANTERIOR;753,72;753,72;753,72
2026;03;50.10.3.3.90.93.08.244.0009.2.043.92.5000255;SECRETARIA DE APOIO SOCIAL AO CIDADÃO;ASSISTÊNCIA SOCIAL;ASSISTÊNCIA COMUNITÁRIA;INDENIZAÇÕES E RESTITUIÇÕES;TRANSFERENCIAS E CONVENIOS ESTADUAIS - VINCULADOS - EXERCÍCIO ANTERIOR;74.789,94;74.789,94;74.789,94
2026;03;50.10.3.3.90.93.08.244.0009.2.043.92.5000257;SECRETARIA DE APOIO SOCIAL AO CIDADÃO;ASSISTÊNCIA SOCIAL;ASSISTÊNCIA COMUNITÁRIA;INDENIZAÇÕES E RESTITUIÇÕES;TRANSFERENCIAS E CONVENIOS ESTADUAIS - VINCULADOS - EXERCÍCIO ANTERIOR;60.568,62;60.568,62;60.568,62
2026;03;50.10.3.3.90.93.08.244.0009.2.043.92.5000258;SECRETARIA DE APOIO SOCIAL AO CIDADÃO;ASSISTÊNCIA SOCIAL;ASSISTÊNCIA COMUNITÁRIA;INDENIZAÇÕES E RESTITUIÇÕES;TRANSFERENCIAS E CONVENIOS ESTADUAIS - VINCULADOS - EXERCÍCIO ANTERIOR;8.358,63;8.358,63;8.358,63
2026;03;50.10.4.4.90.51.08.244.0009.2.043.92.5000256;SECRETARIA DE APOIO SOCIAL AO CIDADÃO;ASSISTÊNCIA SOCIAL;ASSISTÊNCIA COMUNITÁRIA;OBRAS E INSTALAÇÕES;TRANSFERENCIAS E CONVENIOS ESTADUAIS - VINCULADOS - EXERCÍCIO ANTERIOR;10.638,00;10.638,00;10.638,00
2026;03;50.10.4.4.90.52.08.244.0009.2.043.92.5000256;SECRETARIA DE APOIO SOCIAL AO CIDADÃO;ASSISTÊNCIA SOCIAL;ASSISTÊNCIA COMUNITÁRIA;EQUIPAMENTOS E MATERIAL PERMANENTE;TRANSFERENCIAS E CONVENIOS ESTADUAIS - VINCULADOS - EXERCÍCIO ANTERIOR;0,00;0,00;8.670,00
2026;03;50.10.4.4.90.52.08.244.0009.2.043.95.8000198;SECRETARIA DE APOIO SOCIAL AO CIDADÃO;ASSISTÊNCIA SOCIAL;ASSISTÊNCIA COMUNITÁRIA;EQUIPAMENTOS E MATERIAL PERMANENTE;TRANSFERENCIAS E CONVENIOS FEDERAIS - VINCULADOS - EXERCÍCIO ANTERIOR;14.013,99;0,00;0,00
2026;03;50.10.4.4.90.52.08.244.0009.2.043.95.8000229;SECRETARIA DE APOIO SOCIAL AO CIDADÃO;ASSISTÊNCIA SOCIAL;ASSISTÊNCIA COMUNITÁRIA;EQUIPAMENTOS E MATERIAL PERMANENTE;TRANSFERENCIAS E CONVENIOS FEDERAIS - VINCULADOS - EXERCÍCIO ANTERIOR;13.256,15;10.320,00;0,00
2026;03;50.10.4.4.90.52.08.244.0009.2.044.01.5100000;SECRETARIA DE APOIO SOCIAL AO CIDADÃO;ASSISTÊNCIA SOCIAL;ASSISTÊNCIA COMUNITÁRIA;EQUIPAMENTOS E MATERIAL PERMANENTE;TESOURO;170,00;170,00;43.050,00
2026;03;55.10.3.1.90.11.04.452.0010.2.003.01.1100000;SECRETARIA DE MANUTENÇÃO DA CIDADE;ADMINISTRAÇÃO;SERVIÇOS URBANOS;VENCIMENTOS E VANTAGENS FIXAS -  PESSOAL CIVIL;TESOURO;1.707.143,72;1.707.143,72;1.704.029,68
2026;03;55.10.3.3.90.30.04.452.0010.2.003.01.1100000;SECRETARIA DE MANUTENÇÃO DA CIDADE;ADMINISTRAÇÃO;SERVIÇOS URBANOS;MATERIAL DE CONSUMO;TESOURO;500,00;500,00;500,00
2026;03;55.10.3.3.90.30.04.452.0010.2.048.01.1100000;SECRETARIA DE MANUTENÇÃO DA CIDADE;ADMINISTRAÇÃO;SERVIÇOS URBANOS;MATERIAL DE CONSUMO;TESOURO;1.278.680,76;661.423,19;566.407,10
2026;03;55.10.3.3.90.30.15.452.0010.2.050.01.1100000;SECRETARIA DE MANUTENÇÃO DA CIDADE;URBANISMO;SERVIÇOS URBANOS;MATERIAL DE CONSUMO;TESOURO;889.846,40;495.939,35;173.090,35
2026;03;55.10.3.3.90.30.17.512.0010.2.047.01.1100000;SECRETARIA DE MANUTENÇÃO DA CIDADE;SANEAMENTO;SANEAMENTO BÁSICO URBANO;MATERIAL DE CONSUMO;TESOURO;201.620,13;195.394,48;10.340,00
2026;03;55.10.3.3.90.36.04.452.0010.2.003.01.1100000;SECRETARIA DE MANUTENÇÃO DA CIDADE;ADMINISTRAÇÃO;SERVIÇOS URBANOS;OUTROS SERVIÇOS DE TERCEIROS - PESSOA FÍSICA;TESOURO;4.535,90;4.535,90;4.535,90
2026;03;55.10.3.3.90.39.04.452.0010.2.048.01.1100000;SECRETARIA DE MANUTENÇÃO DA CIDADE;ADMINISTRAÇÃO;SERVIÇOS URBANOS;OUTROS SERVIÇOS DE TERCEIROS -  PESSOA JURÍDICA;TESOURO;21.353,26;18.775,81;495,39
2026;03;55.10.3.3.90.39.15.451.0010.2.049.03.1000081;SECRETARIA DE MANUTENÇÃO DA CIDADE;URBANISMO;INFRA-ESTRUTURA URBANA;OUTROS SERVIÇOS DE TERCEIROS -  PESSOA JURÍDICA;RECURSOS PROPRIOS DE FUNDOS ESPECIAIS DE DESPESA - VINCULADOS;0,00;1.374.930,77;1.550.829,22
2026;03;55.10.3.3.90.39.15.452.0010.2.050.01.1100000;SECRETARIA DE MANUTENÇÃO DA CIDADE;URBANISMO;SERVIÇOS URBANOS;OUTROS SERVIÇOS DE TERCEIROS -  PESSOA JURÍDICA;TESOURO;376.062,11;6.740.686,89;8.592.890,79
2026;03;55.10.3.3.90.39.17.512.0010.2.047.01.1100000;SECRETARIA DE MANUTENÇÃO DA CIDADE;SANEAMENTO;SANEAMENTO BÁSICO URBANO;OUTROS SERVIÇOS DE TERCEIROS -  PESSOA JURÍDICA;TESOURO;0,00;16.524.208,50;19.005.569,59
2026;03;55.10.3.3.90.92.15.452.0010.2.050.01.1100000;SECRETARIA DE MANUTENÇÃO DA CIDADE;URBANISMO;SERVIÇOS URBANOS;DESPESAS DE EXERCÍCIOS ANTERIORES;TESOURO;78.139,47;78.139,47;0,00
2026;03;55.10.4.4.90.51.15.451.0010.2.049.03.1000081;SECRETARIA DE MANUTENÇÃO DA CIDADE;URBANISMO;INFRA-ESTRUTURA URBANA;OBRAS E INSTALAÇÕES;RECURSOS PROPRIOS DE FUNDOS ESPECIAIS DE DESPESA - VINCULADOS;-327.418,93;10.703,92;10.703,92
2026;03;55.10.4.4.90.52.15.452.0010.2.050.01.1100000;SECRETARIA DE MANUTENÇÃO DA CIDADE;URBANISMO;SERVIÇOS URBANOS;EQUIPAMENTOS E MATERIAL PERMANENTE;TESOURO;-424,20;0,00;4.718,00
2026;03;60.10.3.1.90.11.10.122.0011.2.029.01.3100000;SECRETARIA DE SAÚDE;SAÚDE;ADMINISTRAÇÃO GERAL;VENCIMENTOS E VANTAGENS FIXAS -  PESSOAL CIVIL;TESOURO;2.307.981,34;2.307.981,34;2.327.042,07
2026;03;60.10.3.1.90.13.10.122.0011.2.029.01.3100000;SECRETARIA DE SAÚDE;SAÚDE;ADMINISTRAÇÃO GERAL;OBRIGAÇÕES PATRONAIS;TESOURO;97.925,99;97.925,99;97.925,99
2026;03;60.10.3.1.90.16.10.122.0011.2.029.01.3100000;SECRETARIA DE SAÚDE;SAÚDE;ADMINISTRAÇÃO GERAL;OUTRAS DESPESAS VARIÁVEIS - PESSOAL CIVIL;TESOURO;28.689,28;28.689,28;28.689,28
2026;03;60.10.3.1.90.94.10.122.0011.2.029.01.3100000;SECRETARIA DE SAÚDE;SAÚDE;ADMINISTRAÇÃO GERAL;INDENIZAÇÕES E RESTITUIÇÕES TRABALHISTAS;TESOURO;8.736,94;8.736,94;8.736,94
2026;03;60.10.3.1.90.96.10.122.0011.2.029.01.3100000;SECRETARIA DE SAÚDE;SAÚDE;ADMINISTRAÇÃO GERAL;RESSARCIMENTO DE DESPESAS DE PESSOAL REQUISITADO;TESOURO;1.934,85;1.934,85;1.934,85
2026;03;60.10.3.1.91.13.10.122.0011.2.029.01.3100000;SECRETARIA DE SAÚDE;SAÚDE;ADMINISTRAÇÃO GERAL;OBRIGAÇÕES PATRONAIS;TESOURO;388.899,82;388.899,82;388.899,82
2026;03;60.10.3.3.90.08.10.122.0011.2.029.01.3100000;SECRETARIA DE SAÚDE;SAÚDE;ADMINISTRAÇÃO GERAL;OUTROS BENEFÍCIOS ASSISTENCIAIS DO SERVIDOR E DO MILITAR;TESOURO;42.526,09;42.526,09;42.526,09
2026;03;60.10.3.3.90.14.10.122.0011.2.029.01.3100000;SECRETARIA DE SAÚDE;SAÚDE;ADMINISTRAÇÃO GERAL;DIÁRIAS - PESSOAL CIVIL;TESOURO;5.049,00;5.049,00;-135,00
2026;03;60.10.3.3.90.30.10.122.0011.2.029.01.3100000;SECRETARIA DE SAÚDE;SAÚDE;ADMINISTRAÇÃO GERAL;MATERIAL DE CONSUMO;TESOURO;4.404,43;79.661,43;72.650,57
2026;03;60.10.3.3.90.36.10.122.0011.2.029.01.3100000;SECRETARIA DE SAÚDE;SAÚDE;ADMINISTRAÇÃO GERAL;OUTROS SERVIÇOS DE TERCEIROS - PESSOA FÍSICA;TESOURO;13.305,84;16.105,84;16.105,84
2026;03;60.10.3.3.90.37.10.122.0011.2.029.01.3100000;SECRETARIA DE SAÚDE;SAÚDE;ADMINISTRAÇÃO GERAL;LOCAÇÃO DE MÃO-DE-OBRA;TESOURO;0,00;50.186,70;100.094,57
2026;03;60.10.3.3.90.39.10.122.0011.2.029.01.3100000;SECRETARIA DE SAÚDE;SAÚDE;ADMINISTRAÇÃO GERAL;OUTROS SERVIÇOS DE TERCEIROS -  PESSOA JURÍDICA;TESOURO;767.081,87;560.421,88;688.789,07
2026;03;60.10.3.3.90.39.10.122.0011.2.029.06.3400000;SECRETARIA DE SAÚDE;SAÚDE;ADMINISTRAÇÃO GERAL;OUTROS SERVIÇOS DE TERCEIROS -  PESSOA JURÍDICA;OUTRAS FONTES DE RECURSOS;0,00;8.791,25;17.582,50
2026;03;60.10.3.3.90.39.10.301.0011.2.031.01.3010000;SECRETARIA DE SAÚDE;SAÚDE;ATENÇÃO BÁSICA;OUTROS SERVIÇOS DE TERCEIROS -  PESSOA JURÍDICA;TESOURO;390.000,00;576.978,39;518.275,08
2026;03;60.10.3.3.90.46.10.122.0011.2.029.01.3100000;SECRETARIA DE SAÚDE;SAÚDE;ADMINISTRAÇÃO GERAL;AUXÍLIO ALIMENTAÇÃO;TESOURO;521.935,50;521.935,50;521.935,50
2026;03;60.10.3.3.90.92.10.122.0011.2.029.01.3100000;SECRETARIA DE SAÚDE;SAÚDE;ADMINISTRAÇÃO GERAL;DESPESAS DE EXERCÍCIOS ANTERIORES;TESOURO;1.170,00;1.170,00;0,00
2026;03;60.10.3.3.90.92.10.301.0011.2.031.01.3010000;SECRETARIA DE SAÚDE;SAÚDE;ATENÇÃO BÁSICA;DESPESAS DE EXERCÍCIOS ANTERIORES;TESOURO;-624,52;29.134,37;29.134,37
2026;03;60.20.3.1.90.11.10.304.0011.2.053.01.3030000;SECRETARIA DE SAÚDE;SAÚDE;VIGILÂNCIA SANITÁRIA;VENCIMENTOS E VANTAGENS FIXAS -  PESSOAL CIVIL;TESOURO;340.952,34;340.952,34;345.537,77
2026;03;60.20.3.1.90.11.10.305.0011.2.054.01.3030000;SECRETARIA DE SAÚDE;SAÚDE;VIGILÂNCIA EPIDEMIOLÓGICA;VENCIMENTOS E VANTAGENS FIXAS -  PESSOAL CIVIL;TESOURO;300.414,55;300.414,55;300.414,55
2026;03;60.20.3.1.90.11.10.305.0011.2.054.05.3130000;SECRETARIA DE SAÚDE;SAÚDE;VIGILÂNCIA EPIDEMIOLÓGICA;VENCIMENTOS E VANTAGENS FIXAS -  PESSOAL CIVIL;TRANSFERENCIAS E CONVENIOS FEDERAIS - VINCULADOS;806.203,43;806.203,43;807.953,65
2026;03;60.20.3.1.90.13.10.305.0011.2.054.01.3030000;SECRETARIA DE SAÚDE;SAÚDE;VIGILÂNCIA EPIDEMIOLÓGICA;OBRIGAÇÕES PATRONAIS;TESOURO;253.696,26;253.696,26;253.696,26
2026;03;60.20.3.1.90.16.10.304.0011.2.053.01.3030000;SECRETARIA DE SAÚDE;SAÚDE;VIGILÂNCIA SANITÁRIA;OUTRAS DESPESAS VARIÁVEIS - PESSOAL CIVIL;TESOURO;8,57;8,57;8,57
2026;03;60.20.3.1.90.16.10.305.0011.2.054.01.3030000;SECRETARIA DE SAÚDE;SAÚDE;VIGILÂNCIA EPIDEMIOLÓGICA;OUTRAS DESPESAS VARIÁVEIS - PESSOAL CIVIL;TESOURO;1.339,11;1.339,11;1.339,11
2026;03;60.20.3.1.91.13.10.304.0011.2.053.01.3030000;SECRETARIA DE SAÚDE;SAÚDE;VIGILÂNCIA SANITÁRIA;OBRIGAÇÕES PATRONAIS;TESOURO;59.624,78;59.624,78;59.624,78
2026;03;60.20.3.1.91.13.10.305.0011.2.054.01.3030000;SECRETARIA DE SAÚDE;SAÚDE;VIGILÂNCIA EPIDEMIOLÓGICA;OBRIGAÇÕES PATRONAIS;TESOURO;62.980,96;62.980,96;62.980,96
2026;03;60.20.3.3.50.39.10.305.0011.2.054.05.3030019;SECRETARIA DE SAÚDE;SAÚDE;VIGILÂNCIA EPIDEMIOLÓGICA;OUTROS SERVIÇOS DE TERCEIROS -PESSOA JURÍDICA;TRANSFERENCIAS E CONVENIOS FEDERAIS - VINCULADOS;0,00;17.938,67;35.877,34
2026;03;60.20.3.3.90.30.04.304.0011.2.052.01.3030000;SECRETARIA DE SAÚDE;ADMINISTRAÇÃO;VIGILÂNCIA SANITÁRIA;MATERIAL DE CONSUMO;TESOURO;63.423,31;1.152,45;15.172,50
2026;03;60.20.3.3.90.30.10.304.0011.2.051.01.3030000;SECRETARIA DE SAÚDE;SAÚDE;VIGILÂNCIA SANITÁRIA;MATERIAL DE CONSUMO;TESOURO;27.592,66;2.936,60;23.925,60
2026;03;60.20.3.3.90.30.10.304.0011.2.053.03.3000277;SECRETARIA DE SAÚDE;SAÚDE;VIGILÂNCIA SANITÁRIA;MATERIAL DE CONSUMO;RECURSOS PROPRIOS DE FUNDOS ESPECIAIS DE DESPESA - VINCULADOS;8.670,00;8.670,00;0,00
2026;03;60.20.3.3.90.30.10.305.0011.2.054.02.3030024;SECRETARIA DE SAÚDE;SAÚDE;VIGILÂNCIA EPIDEMIOLÓGICA;MATERIAL DE CONSUMO;TRANSFERENCIAS E CONVENIOS ESTADUAIS - VINCULADOS;48.120,00;7.738,53;29.888,98
2026;03;60.20.3.3.90.30.10.305.0011.2.054.05.3030019;SECRETARIA DE SAÚDE;SAÚDE;VIGILÂNCIA EPIDEMIOLÓGICA;MATERIAL DE CONSUMO;TRANSFERENCIAS E CONVENIOS FEDERAIS - VINCULADOS;1.980,00;89.400,00;90.939,40
2026;03;60.20.3.3.90.36.10.304.0011.2.051.01.3030000;SECRETARIA DE SAÚDE;SAÚDE;VIGILÂNCIA SANITÁRIA;OUTROS SERVIÇOS DE TERCEIROS - PESSOA FÍSICA;TESOURO;-2.122,03;5.220,60;3.293,95
2026;03;60.20.3.3.90.36.10.305.0011.2.054.05.3030038;SECRETARIA DE SAÚDE;SAÚDE;VIGILÂNCIA EPIDEMIOLÓGICA;OUTROS SERVIÇOS DE TERCEIROS - PESSOA FÍSICA;TRANSFERENCIAS E CONVENIOS FEDERAIS - VINCULADOS;0,00;3.084,00;7.068,00
2026;03;60.20.3.3.90.39.04.304.0011.2.052.01.3030000;SECRETARIA DE SAÚDE;ADMINISTRAÇÃO;VIGILÂNCIA SANITÁRIA;OUTROS SERVIÇOS DE TERCEIROS -  PESSOA JURÍDICA;TESOURO;687.545,00;155.477,90;94.345,84
2026;03;60.20.3.3.90.39.04.304.0011.2.052.06.3030176;SECRETARIA DE SAÚDE;ADMINISTRAÇÃO;VIGILÂNCIA SANITÁRIA;OUTROS SERVIÇOS DE TERCEIROS -  PESSOA JURÍDICA;OUTRAS FONTES DE RECURSOS;1.400,00;2.985,41;2.705,08
2026;03;60.20.3.3.90.39.10.304.0011.2.051.01.3030000;SECRETARIA DE SAÚDE;SAÚDE;VIGILÂNCIA SANITÁRIA;OUTROS SERVIÇOS DE TERCEIROS -  PESSOA JURÍDICA;TESOURO;-9.295,00;483.299,56;291.044,31
2026;03;60.20.3.3.90.39.10.304.0011.2.053.03.3000277;SECRETARIA DE SAÚDE;SAÚDE;VIGILÂNCIA SANITÁRIA;OUTROS SERVIÇOS DE TERCEIROS -  PESSOA JURÍDICA;RECURSOS PROPRIOS DE FUNDOS ESPECIAIS DE DESPESA - VINCULADOS;27.832,34;95.599,80;91.306,78
2026;03;60.20.3.3.90.39.10.304.0011.2.053.05.3030038;SECRETARIA DE SAÚDE;SAÚDE;VIGILÂNCIA SANITÁRIA;OUTROS SERVIÇOS DE TERCEIROS -  PESSOA JURÍDICA;TRANSFERENCIAS E CONVENIOS FEDERAIS - VINCULADOS;11.457,42;20.219,72;15.416,60
2026;03;60.20.3.3.90.39.10.304.0011.2.053.93.3000277;SECRETARIA DE SAÚDE;SAÚDE;VIGILÂNCIA SANITÁRIA;OUTROS SERVIÇOS DE TERCEIROS -  PESSOA JURÍDICA;RECURSOS PROPRIOS DE FUNDOS ESPECIAIS DE DESPESA - VINCULADOS - EXERCÍCIO ANTERIOR;5.800,00;5.800,00;0,00
2026;03;60.20.3.3.90.39.10.305.0011.2.054.05.3030019;SECRETARIA DE SAÚDE;SAÚDE;VIGILÂNCIA EPIDEMIOLÓGICA;OUTROS SERVIÇOS DE TERCEIROS -  PESSOA JURÍDICA;TRANSFERENCIAS E CONVENIOS FEDERAIS - VINCULADOS;0,00;7.500,00;7.500,00
2026;03;60.20.3.3.90.39.10.305.0011.2.054.05.3030038;SECRETARIA DE SAÚDE;SAÚDE;VIGILÂNCIA EPIDEMIOLÓGICA;OUTROS SERVIÇOS DE TERCEIROS -  PESSOA JURÍDICA;TRANSFERENCIAS E CONVENIOS FEDERAIS - VINCULADOS;104.973,35;44.084,34;49.779,40
2026;03;60.20.3.3.90.92.04.304.0011.2.052.01.3030000;SECRETARIA DE SAÚDE;ADMINISTRAÇÃO;VIGILÂNCIA SANITÁRIA;DESPESAS DE EXERCÍCIOS ANTERIORES;TESOURO;0,00;0,00;24.449,00
2026;03;60.20.3.3.90.92.10.304.0011.2.051.01.3030000;SECRETARIA DE SAÚDE;SAÚDE;VIGILÂNCIA SANITÁRIA;DESPESAS DE EXERCÍCIOS ANTERIORES;TESOURO;10.000,00;10.000,00;0,00
2026;03;60.30.3.3.50.39.10.302.0011.2.060.01.3020000;SECRETARIA DE SAÚDE;SAÚDE;ASSISTÊNCIA HOSPITALAR E AMBULATORIAL;OUTROS SERVIÇOS DE TERCEIROS -PESSOA JURÍDICA;TESOURO;0,00;15.991.718,30;17.555.854,58
2026;03;60.30.3.3.50.39.10.302.0011.2.060.05.3020023;SECRETARIA DE SAÚDE;SAÚDE;ASSISTÊNCIA HOSPITALAR E AMBULATORIAL;OUTROS SERVIÇOS DE TERCEIROS -PESSOA JURÍDICA;TRANSFERENCIAS E CONVENIOS FEDERAIS - VINCULADOS;0,00;7.100.830,00;7.100.830,00
2026;03;60.30.3.3.50.39.10.302.0011.2.061.01.3020000;SECRETARIA DE SAÚDE;SAÚDE;ASSISTÊNCIA HOSPITALAR E AMBULATORIAL;OUTROS SERVIÇOS DE TERCEIROS -PESSOA JURÍDICA;TESOURO;0,00;5.627.371,11;5.624.545,16
2026;03;60.30.3.3.50.39.10.302.0011.2.062.01.3020000;SECRETARIA DE SAÚDE;SAÚDE;ASSISTÊNCIA HOSPITALAR E AMBULATORIAL;OUTROS SERVIÇOS DE TERCEIROS -PESSOA JURÍDICA;TESOURO;-647.059,82;4.930.916,80;4.936.641,88
2026;03;60.30.3.3.50.39.10.302.0011.2.062.05.3020023;SECRETARIA DE SAÚDE;SAÚDE;ASSISTÊNCIA HOSPITALAR E AMBULATORIAL;OUTROS SERVIÇOS DE TERCEIROS -PESSOA JURÍDICA;TRANSFERENCIAS E CONVENIOS FEDERAIS - VINCULADOS;0,00;1.175.000,00;1.175.000,00
2026;03;60.30.3.3.71.70.10.302.0011.2.059.01.3020000;SECRETARIA DE SAÚDE;SAÚDE;ASSISTÊNCIA HOSPITALAR E AMBULATORIAL;RATEIO PELA PARTICIPAÇÃO EM CONSÓRCIO PÚBLICO;TESOURO;0,00;1.149.618,98;1.149.618,98
2026;03;60.30.3.3.71.70.10.302.0011.2.059.05.3020023;SECRETARIA DE SAÚDE;SAÚDE;ASSISTÊNCIA HOSPITALAR E AMBULATORIAL;RATEIO PELA PARTICIPAÇÃO EM CONSÓRCIO PÚBLICO;TRANSFERENCIAS E CONVENIOS FEDERAIS - VINCULADOS;0,00;470.728,70;470.728,70
2026;03;60.30.3.3.90.34.10.302.0011.2.059.01.3020000;SECRETARIA DE SAÚDE;SAÚDE;ASSISTÊNCIA HOSPITALAR E AMBULATORIAL;OUTRAS DESPESAS DE PESSOAL DECORRENTES DE CONTRATOS DE TERCEIRIZAÇÃO;TESOURO;88.209,52;88.209,52;88.209,52
2026;03;60.30.3.3.90.39.10.302.0011.2.059.01.3020000;SECRETARIA DE SAÚDE;SAÚDE;ASSISTÊNCIA HOSPITALAR E AMBULATORIAL;OUTROS SERVIÇOS DE TERCEIROS -  PESSOA JURÍDICA;TESOURO;0,00;33.058,02;35.967,16
2026;03;60.30.4.4.50.42.10.302.0011.2.060.06.3000182;SECRETARIA DE SAÚDE;SAÚDE;ASSISTÊNCIA HOSPITALAR E AMBULATORIAL;AUXÍLIOS;OUTRAS FONTES DE RECURSOS;414.276,30;414.276,30;0,00
2026;03;60.30.4.4.50.42.10.302.0011.2.062.01.3020000;SECRETARIA DE SAÚDE;SAÚDE;ASSISTÊNCIA HOSPITALAR E AMBULATORIAL;AUXÍLIOS;TESOURO;0,00;0,00;76.800,00
2026;03;60.30.4.4.90.51.10.302.0011.1.009.01.3020000;SECRETARIA DE SAÚDE;SAÚDE;ASSISTÊNCIA HOSPITALAR E AMBULATORIAL;OBRAS E INSTALAÇÕES;TESOURO;0,00;37.925,01;0,00
2026;03;60.30.4.4.90.51.10.302.0011.1.009.05.3020267;SECRETARIA DE SAÚDE;SAÚDE;ASSISTÊNCIA HOSPITALAR E AMBULATORIAL;OBRAS E INSTALAÇÕES;TRANSFERENCIAS E CONVENIOS FEDERAIS - VINCULADOS;0,00;579.867,76;0,00
2026;03;60.30.4.4.90.51.10.302.0011.1.009.96.3000182;SECRETARIA DE SAÚDE;SAÚDE;ASSISTÊNCIA HOSPITALAR E AMBULATORIAL;OBRAS E INSTALAÇÕES;OUTRAS FONTES DE RECURSOS - EXERCÍCIO ANTERIOR;0,00;41.703,50;41.703,50
2026;03;60.50.3.1.90.11.10.301.0011.2.055.01.3010000;SECRETARIA DE SAÚDE;SAÚDE;ATENÇÃO BÁSICA;VENCIMENTOS E VANTAGENS FIXAS -  PESSOAL CIVIL;TESOURO;4.672.602,71;4.672.602,71;4.683.990,10
2026;03;60.50.3.1.90.11.10.301.0011.2.055.05.3130000;SECRETARIA DE SAÚDE;SAÚDE;ATENÇÃO BÁSICA;VENCIMENTOS E VANTAGENS FIXAS -  PESSOAL CIVIL;TRANSFERENCIAS E CONVENIOS FEDERAIS - VINCULADOS;997.910,21;997.910,21;1.009.718,31
2026;03;60.50.3.1.90.11.10.301.0011.2.055.05.3700000;SECRETARIA DE SAÚDE;SAÚDE;ATENÇÃO BÁSICA;VENCIMENTOS E VANTAGENS FIXAS -  PESSOAL CIVIL;TRANSFERENCIAS E CONVENIOS FEDERAIS - VINCULADOS;38.257,45;38.257,45;38.257,45
2026;03;60.50.3.1.90.13.10.301.0011.2.055.01.3010000;SECRETARIA DE SAÚDE;SAÚDE;ATENÇÃO BÁSICA;OBRIGAÇÕES PATRONAIS;TESOURO;298.285,88;298.285,88;298.285,88
2026;03;60.50.3.1.90.16.10.301.0011.2.055.01.3010000;SECRETARIA DE SAÚDE;SAÚDE;ATENÇÃO BÁSICA;OUTRAS DESPESAS VARIÁVEIS - PESSOAL CIVIL;TESOURO;200.698,79;200.698,79;200.698,79
2026;03;60.50.3.1.90.94.10.301.0011.2.055.01.3010000;SECRETARIA DE SAÚDE;SAÚDE;ATENÇÃO BÁSICA;INDENIZAÇÕES E RESTITUIÇÕES TRABALHISTAS;TESOURO;117.708,07;117.708,07;110.739,11
2026;03;60.50.3.1.91.13.10.301.0011.2.055.01.3010000;SECRETARIA DE SAÚDE;SAÚDE;ATENÇÃO BÁSICA;OBRIGAÇÕES PATRONAIS;TESOURO;936.707,94;936.707,94;936.707,94
2026;03;60.50.3.3.50.39.10.301.0011.2.055.01.3010000;SECRETARIA DE SAÚDE;SAÚDE;ATENÇÃO BÁSICA;OUTROS SERVIÇOS DE TERCEIROS -PESSOA JURÍDICA;TESOURO;-1.805.004,08;3.514.435,41;3.514.435,41
2026;03;60.50.3.3.50.39.10.301.0011.2.055.05.3700000;SECRETARIA DE SAÚDE;SAÚDE;ATENÇÃO BÁSICA;OUTROS SERVIÇOS DE TERCEIROS -PESSOA JURÍDICA;TRANSFERENCIAS E CONVENIOS FEDERAIS - VINCULADOS;0,00;9.935,60;9.935,60
2026;03;60.50.3.3.90.30.10.301.0011.2.055.01.3010000;SECRETARIA DE SAÚDE;SAÚDE;ATENÇÃO BÁSICA;MATERIAL DE CONSUMO;TESOURO;157.192,32;230.565,43;353.231,08
2026;03;60.50.3.3.90.30.10.301.0011.2.055.02.3010024;SECRETARIA DE SAÚDE;SAÚDE;ATENÇÃO BÁSICA;MATERIAL DE CONSUMO;TRANSFERENCIAS E CONVENIOS ESTADUAIS - VINCULADOS;145.863,00;159.350,20;398.454,68
2026;03;60.50.3.3.90.30.10.301.0011.2.055.05.3010022;SECRETARIA DE SAÚDE;SAÚDE;ATENÇÃO BÁSICA;MATERIAL DE CONSUMO;TRANSFERENCIAS E CONVENIOS FEDERAIS - VINCULADOS;0,00;2.366,70;21.875,00
2026;03;60.50.3.3.90.30.10.301.0011.2.055.95.8001006;SECRETARIA DE SAÚDE;SAÚDE;ATENÇÃO BÁSICA;MATERIAL DE CONSUMO;TRANSFERENCIAS E CONVENIOS FEDERAIS - VINCULADOS - EXERCÍCIO ANTERIOR;5.461,52;87.363,29;41.979,53
2026;03;60.50.3.3.90.30.10.301.0011.2.056.05.3010022;SECRETARIA DE SAÚDE;SAÚDE;ATENÇÃO BÁSICA;MATERIAL DE CONSUMO;TRANSFERENCIAS E CONVENIOS FEDERAIS - VINCULADOS;7.620,00;25.932,14;4.104,83
2026;03;60.50.3.3.90.30.10.303.0011.2.057.01.3040000;SECRETARIA DE SAÚDE;SAÚDE;SUPORTE PROFILÁTICO E TERAPÊUTICO;MATERIAL DE CONSUMO;TESOURO;155.593,80;387.890,68;564.988,92
2026;03;60.50.3.3.90.32.10.303.0011.2.057.01.3040000;SECRETARIA DE SAÚDE;SAÚDE;SUPORTE PROFILÁTICO E TERAPÊUTICO;MATERIAL, BEM OU SERVIÇO PARA DISTRIBUIÇÃO GRATUITA;TESOURO;2.912.206,42;3.909.849,44;5.634.148,83
2026;03;60.50.3.3.90.32.10.303.0011.2.057.02.3040024;SECRETARIA DE SAÚDE;SAÚDE;SUPORTE PROFILÁTICO E TERAPÊUTICO;MATERIAL, BEM OU SERVIÇO PARA DISTRIBUIÇÃO GRATUITA;TRANSFERENCIAS E CONVENIOS ESTADUAIS - VINCULADOS;352.674,70;331.180,06;373.350,00
2026;03;60.50.3.3.90.32.10.303.0011.2.057.05.3040040;SECRETARIA DE SAÚDE;SAÚDE;SUPORTE PROFILÁTICO E TERAPÊUTICO;MATERIAL, BEM OU SERVIÇO PARA DISTRIBUIÇÃO GRATUITA;TRANSFERENCIAS E CONVENIOS FEDERAIS - VINCULADOS;558.754,71;401.422,48;339.749,15
2026;03;60.50.3.3.90.32.10.303.0011.2.057.92.3040024;SECRETARIA DE SAÚDE;SAÚDE;SUPORTE PROFILÁTICO E TERAPÊUTICO;MATERIAL, BEM OU SERVIÇO PARA DISTRIBUIÇÃO GRATUITA;TRANSFERENCIAS E CONVENIOS ESTADUAIS - VINCULADOS - EXERCÍCIO ANTERIOR;404.856,24;164.435,23;0,00
2026;03;60.50.3.3.90.32.10.303.0011.2.057.92.8010024;SECRETARIA DE SAÚDE;SAÚDE;SUPORTE PROFILÁTICO E TERAPÊUTICO;MATERIAL, BEM OU SERVIÇO PARA DISTRIBUIÇÃO GRATUITA;TRANSFERENCIAS E CONVENIOS ESTADUAIS - VINCULADOS - EXERCÍCIO ANTERIOR;199.905,00;107.585,00;0,00
2026;03;60.50.3.3.90.36.10.301.0011.2.055.01.3010000;SECRETARIA DE SAÚDE;SAÚDE;ATENÇÃO BÁSICA;OUTROS SERVIÇOS DE TERCEIROS - PESSOA FÍSICA;TESOURO;0,00;15.700,00;15.700,00
2026;03;60.50.3.3.90.37.10.301.0011.2.055.01.3010000;SECRETARIA DE SAÚDE;SAÚDE;ATENÇÃO BÁSICA;LOCAÇÃO DE MÃO-DE-OBRA;TESOURO;-433.332,08;203.586,05;475.863,09
2026;03;60.50.3.3.90.39.10.301.0011.2.055.01.3010000;SECRETARIA DE SAÚDE;SAÚDE;ATENÇÃO BÁSICA;OUTROS SERVIÇOS DE TERCEIROS -  PESSOA JURÍDICA;TESOURO;2.152.673,77;895.526,92;744.171,92
2026;03;60.50.3.3.90.39.10.301.0011.2.055.05.3010022;SECRETARIA DE SAÚDE;SAÚDE;ATENÇÃO BÁSICA;OUTROS SERVIÇOS DE TERCEIROS -  PESSOA JURÍDICA;TRANSFERENCIAS E CONVENIOS FEDERAIS - VINCULADOS;0,00;1.810.413,92;1.758.080,93
2026;03;60.50.3.3.90.39.10.301.0011.2.055.05.3050053;SECRETARIA DE SAÚDE;SAÚDE;ATENÇÃO BÁSICA;OUTROS SERVIÇOS DE TERCEIROS -  PESSOA JURÍDICA;TRANSFERENCIAS E CONVENIOS FEDERAIS - VINCULADOS;24.832,56;0,00;0,00
2026;03;60.50.3.3.90.39.10.301.0011.2.055.95.8001006;SECRETARIA DE SAÚDE;SAÚDE;ATENÇÃO BÁSICA;OUTROS SERVIÇOS DE TERCEIROS -  PESSOA JURÍDICA;TRANSFERENCIAS E CONVENIOS FEDERAIS - VINCULADOS - EXERCÍCIO ANTERIOR;21.394,68;14.176,68;14.176,68
2026;03;60.50.3.3.90.39.10.301.0011.2.056.05.3010022;SECRETARIA DE SAÚDE;SAÚDE;ATENÇÃO BÁSICA;OUTROS SERVIÇOS DE TERCEIROS -  PESSOA JURÍDICA;TRANSFERENCIAS E CONVENIOS FEDERAIS - VINCULADOS;0,00;44.138,99;45.806,13
2026;03;60.50.3.3.90.40.10.301.0011.2.055.05.3010022;SECRETARIA DE SAÚDE;SAÚDE;ATENÇÃO BÁSICA;SERVIÇOS DE TECNOLOGIA DA INFORMAÇÃO E COMUNICAÇÃO - PJ;TRANSFERENCIAS E CONVENIOS FEDERAIS - VINCULADOS;-22.666,18;1.043.525,60;1.567.333,60
2026;03;60.50.3.3.90.48.10.301.0011.2.055.01.3010000;SECRETARIA DE SAÚDE;SAÚDE;ATENÇÃO BÁSICA;OUTROS AUXÍLIOS FINANCEIROS A PESSOA FÍSICA;TESOURO;160.300,00;160.300,00;160.300,00
2026;03;60.50.3.3.90.92.10.301.0011.2.055.01.3010000;SECRETARIA DE SAÚDE;SAÚDE;ATENÇÃO BÁSICA;DESPESAS DE EXERCÍCIOS ANTERIORES;TESOURO;-25.272,89;0,00;0,00
2026;03;60.50.4.4.90.51.10.301.0011.1.007.01.3010000;SECRETARIA DE SAÚDE;SAÚDE;ATENÇÃO BÁSICA;OBRAS E INSTALAÇÕES;TESOURO;1.925.397,65;280.526,73;280.526,73
2026;03;60.50.4.4.90.51.10.301.0011.1.007.06.3000182;SECRETARIA DE SAÚDE;SAÚDE;ATENÇÃO BÁSICA;OBRAS E INSTALAÇÕES;OUTRAS FONTES DE RECURSOS;0,00;174.672,10;435.129,61
2026;03;60.50.4.4.90.51.10.301.0011.1.007.95.3010055;SECRETARIA DE SAÚDE;SAÚDE;ATENÇÃO BÁSICA;OBRAS E INSTALAÇÕES;TRANSFERENCIAS E CONVENIOS FEDERAIS - VINCULADOS - EXERCÍCIO ANTERIOR;0,00;323.293,92;323.293,92
2026;03;60.50.4.4.90.52.10.301.0011.1.007.01.3010000;SECRETARIA DE SAÚDE;SAÚDE;ATENÇÃO BÁSICA;EQUIPAMENTOS E MATERIAL PERMANENTE;TESOURO;16.487,34;19.926,00;0,00
2026;03;60.50.4.4.90.52.10.301.0011.1.007.06.3000182;SECRETARIA DE SAÚDE;SAÚDE;ATENÇÃO BÁSICA;EQUIPAMENTOS E MATERIAL PERMANENTE;OUTRAS FONTES DE RECURSOS;87.679,30;72.363,72;0,00
2026;03;60.70.3.1.90.11.10.302.0011.2.058.01.3020000;SECRETARIA DE SAÚDE;SAÚDE;ASSISTÊNCIA HOSPITALAR E AMBULATORIAL;VENCIMENTOS E VANTAGENS FIXAS -  PESSOAL CIVIL;TESOURO;6.248.396,51;6.248.396,51;6.360.240,62
2026;03;60.70.3.1.90.13.10.302.0011.2.058.01.3020000;SECRETARIA DE SAÚDE;SAÚDE;ASSISTÊNCIA HOSPITALAR E AMBULATORIAL;OBRIGAÇÕES PATRONAIS;TESOURO;7.259,22;7.259,22;7.259,22
2026;03;60.70.3.1.90.16.10.302.0011.2.058.01.3020000;SECRETARIA DE SAÚDE;SAÚDE;ASSISTÊNCIA HOSPITALAR E AMBULATORIAL;OUTRAS DESPESAS VARIÁVEIS - PESSOAL CIVIL;TESOURO;559.459,15;559.459,15;559.459,15
2026;03;60.70.3.1.90.94.10.302.0011.2.058.01.3020000;SECRETARIA DE SAÚDE;SAÚDE;ASSISTÊNCIA HOSPITALAR E AMBULATORIAL;INDENIZAÇÕES E RESTITUIÇÕES TRABALHISTAS;TESOURO;129.882,61;129.882,61;129.935,85
2026;03;60.70.3.1.91.13.10.302.0011.2.058.01.3020000;SECRETARIA DE SAÚDE;SAÚDE;ASSISTÊNCIA HOSPITALAR E AMBULATORIAL;OBRIGAÇÕES PATRONAIS;TESOURO;1.289.275,30;1.289.275,30;1.289.275,30
2026;03;60.70.3.3.50.39.10.302.0011.2.058.01.3020000;SECRETARIA DE SAÚDE;SAÚDE;ASSISTÊNCIA HOSPITALAR E AMBULATORIAL;OUTROS SERVIÇOS DE TERCEIROS -PESSOA JURÍDICA;TESOURO;0,00;530.333,22;530.333,22
2026;03;60.70.3.3.50.39.10.302.0011.2.058.05.3700000;SECRETARIA DE SAÚDE;SAÚDE;ASSISTÊNCIA HOSPITALAR E AMBULATORIAL;OUTROS SERVIÇOS DE TERCEIROS -PESSOA JURÍDICA;TRANSFERENCIAS E CONVENIOS FEDERAIS - VINCULADOS;0,00;142.961,48;142.961,48
2026;03;60.70.3.3.90.30.10.302.0011.2.058.01.3020000;SECRETARIA DE SAÚDE;SAÚDE;ASSISTÊNCIA HOSPITALAR E AMBULATORIAL;MATERIAL DE CONSUMO;TESOURO;51.060,98;149.674,12;295.130,92
2026;03;60.70.3.3.90.30.10.302.0011.2.058.05.3020023;SECRETARIA DE SAÚDE;SAÚDE;ASSISTÊNCIA HOSPITALAR E AMBULATORIAL;MATERIAL DE CONSUMO;TRANSFERENCIAS E CONVENIOS FEDERAIS - VINCULADOS;20.479,40;19.671,48;14.934,80
2026;03;60.70.3.3.90.32.10.302.0011.2.058.01.3020000;SECRETARIA DE SAÚDE;SAÚDE;ASSISTÊNCIA HOSPITALAR E AMBULATORIAL;MATERIAL, BEM OU SERVIÇO PARA DISTRIBUIÇÃO GRATUITA;TESOURO;453.669,52;1.493.369,35;1.164.326,57
2026;03;60.70.3.3.90.32.10.302.0011.2.058.05.3020023;SECRETARIA DE SAÚDE;SAÚDE;ASSISTÊNCIA HOSPITALAR E AMBULATORIAL;MATERIAL, BEM OU SERVIÇO PARA DISTRIBUIÇÃO GRATUITA;TRANSFERENCIAS E CONVENIOS FEDERAIS - VINCULADOS;651.615,93;458.294,18;237.096,94
2026;03;60.70.3.3.90.36.10.302.0011.2.058.01.3020000;SECRETARIA DE SAÚDE;SAÚDE;ASSISTÊNCIA HOSPITALAR E AMBULATORIAL;OUTROS SERVIÇOS DE TERCEIROS - PESSOA FÍSICA;TESOURO;0,00;4.907,52;4.907,52
2026;03;60.70.3.3.90.37.10.302.0011.2.058.01.3020000;SECRETARIA DE SAÚDE;SAÚDE;ASSISTÊNCIA HOSPITALAR E AMBULATORIAL;LOCAÇÃO DE MÃO-DE-OBRA;TESOURO;222.088,44;1.449.384,97;2.192.892,43
2026;03;60.70.3.3.90.39.10.302.0011.2.058.01.3020000;SECRETARIA DE SAÚDE;SAÚDE;ASSISTÊNCIA HOSPITALAR E AMBULATORIAL;OUTROS SERVIÇOS DE TERCEIROS -  PESSOA JURÍDICA;TESOURO;30.296.476,47;14.680.378,55;13.904.941,78
2026;03;60.70.3.3.90.39.10.302.0011.2.058.02.3020024;SECRETARIA DE SAÚDE;SAÚDE;ASSISTÊNCIA HOSPITALAR E AMBULATORIAL;OUTROS SERVIÇOS DE TERCEIROS -  PESSOA JURÍDICA;TRANSFERENCIAS E CONVENIOS ESTADUAIS - VINCULADOS;-70.000,00;6.702.102,64;3.530.507,90
2026;03;60.70.3.3.90.39.10.302.0011.2.058.05.3020023;SECRETARIA DE SAÚDE;SAÚDE;ASSISTÊNCIA HOSPITALAR E AMBULATORIAL;OUTROS SERVIÇOS DE TERCEIROS -  PESSOA JURÍDICA;TRANSFERENCIAS E CONVENIOS FEDERAIS - VINCULADOS;0,00;4.470.997,18;2.484.104,60
2026;03;60.70.3.3.90.39.10.302.0011.2.058.05.3700000;SECRETARIA DE SAÚDE;SAÚDE;ASSISTÊNCIA HOSPITALAR E AMBULATORIAL;OUTROS SERVIÇOS DE TERCEIROS -  PESSOA JURÍDICA;TRANSFERENCIAS E CONVENIOS FEDERAIS - VINCULADOS;0,00;197.097,49;197.097,49
2026;03;60.70.3.3.90.39.10.302.0011.2.058.95.8001024;SECRETARIA DE SAÚDE;SAÚDE;ASSISTÊNCIA HOSPITALAR E AMBULATORIAL;OUTROS SERVIÇOS DE TERCEIROS -  PESSOA JURÍDICA;TRANSFERENCIAS E CONVENIOS FEDERAIS - VINCULADOS - EXERCÍCIO ANTERIOR;0,00;100.000,00;100.000,00
2026;03;60.70.3.3.90.39.10.302.0011.2.058.95.9021028;SECRETARIA DE SAÚDE;SAÚDE;ASSISTÊNCIA HOSPITALAR E AMBULATORIAL;OUTROS SERVIÇOS DE TERCEIROS -  PESSOA JURÍDICA;TRANSFERENCIAS E CONVENIOS FEDERAIS - VINCULADOS - EXERCÍCIO ANTERIOR;0,00;150.000,00;150.000,00
2026;03;60.70.3.3.90.40.10.302.0011.2.058.01.3020000;SECRETARIA DE SAÚDE;SAÚDE;ASSISTÊNCIA HOSPITALAR E AMBULATORIAL;SERVIÇOS DE TECNOLOGIA DA INFORMAÇÃO E COMUNICAÇÃO - PJ;TESOURO;-16.000,00;53.820,48;62.125,42
2026;03;60.70.3.3.90.48.10.302.0011.2.058.01.3020000;SECRETARIA DE SAÚDE;SAÚDE;ASSISTÊNCIA HOSPITALAR E AMBULATORIAL;OUTROS AUXÍLIOS FINANCEIROS A PESSOA FÍSICA;TESOURO;14.564,60;14.564,60;12.560,80
2026;03;60.70.3.3.90.92.10.302.0011.2.058.01.3020000;SECRETARIA DE SAÚDE;SAÚDE;ASSISTÊNCIA HOSPITALAR E AMBULATORIAL;DESPESAS DE EXERCÍCIOS ANTERIORES;TESOURO;-319.708,14;462.568,58;1.021.689,74
2026;03;60.70.3.3.90.92.10.302.0011.2.058.02.3020024;SECRETARIA DE SAÚDE;SAÚDE;ASSISTÊNCIA HOSPITALAR E AMBULATORIAL;DESPESAS DE EXERCÍCIOS ANTERIORES;TRANSFERENCIAS E CONVENIOS ESTADUAIS - VINCULADOS;-827.843,47;925.500,78;1.572.156,53
2026;03;60.70.3.3.90.93.10.302.0011.2.058.01.3020000;SECRETARIA DE SAÚDE;SAÚDE;ASSISTÊNCIA HOSPITALAR E AMBULATORIAL;INDENIZAÇÕES E RESTITUIÇÕES;TESOURO;6.091,40;6.091,40;1.481,00
2026;03;60.70.4.4.90.51.10.302.0011.1.008.01.3020000;SECRETARIA DE SAÚDE;SAÚDE;ASSISTÊNCIA HOSPITALAR E AMBULATORIAL;OBRAS E INSTALAÇÕES;TESOURO;0,00;482.158,40;482.158,40
2026;03;60.70.4.4.90.51.10.302.0011.1.008.95.3020055;SECRETARIA DE SAÚDE;SAÚDE;ASSISTÊNCIA HOSPITALAR E AMBULATORIAL;OBRAS E INSTALAÇÕES;TRANSFERENCIAS E CONVENIOS FEDERAIS - VINCULADOS - EXERCÍCIO ANTERIOR;0,00;1.103.515,63;445.303,58
2026;03;60.70.4.4.90.52.10.302.0011.1.008.01.3020000;SECRETARIA DE SAÚDE;SAÚDE;ASSISTÊNCIA HOSPITALAR E AMBULATORIAL;EQUIPAMENTOS E MATERIAL PERMANENTE;TESOURO;0,00;2.945,00;0,00
2026;03;60.70.4.4.90.52.10.302.0011.1.008.06.3000182;SECRETARIA DE SAÚDE;SAÚDE;ASSISTÊNCIA HOSPITALAR E AMBULATORIAL;EQUIPAMENTOS E MATERIAL PERMANENTE;OUTRAS FONTES DE RECURSOS;55.430,13;15.128,80;0,00
2026;03;65.10.3.1.90.11.26.122.0012.2.003.01.1100000;SECRETARIA DE MOBILIDADE URBANA;TRANSPORTE;ADMINISTRAÇÃO GERAL;VENCIMENTOS E VANTAGENS FIXAS -  PESSOAL CIVIL;TESOURO;992.686,24;992.686,24;992.686,24
2026;03;65.10.3.3.20.41.26.122.0012.2.063.03.4700000;SECRETARIA DE MOBILIDADE URBANA;TRANSPORTE;ADMINISTRAÇÃO GERAL;CONTRIBUIÇÕES;RECURSOS PROPRIOS DE FUNDOS ESPECIAIS DE DESPESA - VINCULADOS;0,00;209.132,18;0,00
2026;03;65.10.3.3.90.30.26.122.0012.2.063.03.4000075;SECRETARIA DE MOBILIDADE URBANA;TRANSPORTE;ADMINISTRAÇÃO GERAL;MATERIAL DE CONSUMO;RECURSOS PROPRIOS DE FUNDOS ESPECIAIS DE DESPESA - VINCULADOS;1.198,00;2.745,50;1.198,00
2026;03;65.10.3.3.90.30.26.122.0012.2.064.01.4000000;SECRETARIA DE MOBILIDADE URBANA;TRANSPORTE;ADMINISTRAÇÃO GERAL;MATERIAL DE CONSUMO;TESOURO;30.289,14;15.115,49;4.787,14
2026;03;65.10.3.3.90.30.26.122.0012.2.064.03.4000075;SECRETARIA DE MOBILIDADE URBANA;TRANSPORTE;ADMINISTRAÇÃO GERAL;MATERIAL DE CONSUMO;RECURSOS PROPRIOS DE FUNDOS ESPECIAIS DE DESPESA - VINCULADOS;2.764,00;200,40;1.487,40
2026;03;65.10.3.3.90.36.26.122.0012.2.003.01.4000000;SECRETARIA DE MOBILIDADE URBANA;TRANSPORTE;ADMINISTRAÇÃO GERAL;OUTROS SERVIÇOS DE TERCEIROS - PESSOA FÍSICA;TESOURO;14.183,23;14.183,23;14.183,23
2026;03;65.10.3.3.90.36.26.122.0012.2.066.03.4000075;SECRETARIA DE MOBILIDADE URBANA;TRANSPORTE;ADMINISTRAÇÃO GERAL;OUTROS SERVIÇOS DE TERCEIROS - PESSOA FÍSICA;RECURSOS PROPRIOS DE FUNDOS ESPECIAIS DE DESPESA - VINCULADOS;12.497,16;12.497,16;8.331,44
2026;03;65.10.3.3.90.39.26.122.0012.2.003.01.4000000;SECRETARIA DE MOBILIDADE URBANA;TRANSPORTE;ADMINISTRAÇÃO GERAL;OUTROS SERVIÇOS DE TERCEIROS -  PESSOA JURÍDICA;TESOURO;-1,55;-1,55;-1,55
2026;03;65.10.3.3.90.39.26.122.0012.2.063.01.4000000;SECRETARIA DE MOBILIDADE URBANA;TRANSPORTE;ADMINISTRAÇÃO GERAL;OUTROS SERVIÇOS DE TERCEIROS -  PESSOA JURÍDICA;TESOURO;5.671,28;69.927,47;69.094,33
2026;03;65.10.3.3.90.39.26.122.0012.2.063.03.4000075;SECRETARIA DE MOBILIDADE URBANA;TRANSPORTE;ADMINISTRAÇÃO GERAL;OUTROS SERVIÇOS DE TERCEIROS -  PESSOA JURÍDICA;RECURSOS PROPRIOS DE FUNDOS ESPECIAIS DE DESPESA - VINCULADOS;2.539,20;2.130.467,74;2.060.460,59
2026;03;65.10.3.3.90.39.26.122.0012.2.064.01.4000000;SECRETARIA DE MOBILIDADE URBANA;TRANSPORTE;ADMINISTRAÇÃO GERAL;OUTROS SERVIÇOS DE TERCEIROS -  PESSOA JURÍDICA;TESOURO;0,00;833.546,83;41.458,33
2026;03;65.10.3.3.90.39.26.122.0012.2.064.03.4000075;SECRETARIA DE MOBILIDADE URBANA;TRANSPORTE;ADMINISTRAÇÃO GERAL;OUTROS SERVIÇOS DE TERCEIROS -  PESSOA JURÍDICA;RECURSOS PROPRIOS DE FUNDOS ESPECIAIS DE DESPESA - VINCULADOS;-508.934,34;4.211.579,24;3.579.947,98
2026;03;65.10.3.3.90.39.26.122.0012.2.064.03.4000170;SECRETARIA DE MOBILIDADE URBANA;TRANSPORTE;ADMINISTRAÇÃO GERAL;OUTROS SERVIÇOS DE TERCEIROS -  PESSOA JURÍDICA;RECURSOS PROPRIOS DE FUNDOS ESPECIAIS DE DESPESA - VINCULADOS;291.170,93;2.170,93;0,00
2026;03;65.10.3.3.90.39.26.451.0012.1.010.03.4000075;SECRETARIA DE MOBILIDADE URBANA;TRANSPORTE;INFRA-ESTRUTURA URBANA;OUTROS SERVIÇOS DE TERCEIROS -  PESSOA JURÍDICA;RECURSOS PROPRIOS DE FUNDOS ESPECIAIS DE DESPESA - VINCULADOS;258.922,00;0,00;0,00
2026;03;65.10.3.3.90.39.26.451.0012.1.010.06.4000289;SECRETARIA DE MOBILIDADE URBANA;TRANSPORTE;INFRA-ESTRUTURA URBANA;OUTROS SERVIÇOS DE TERCEIROS -  PESSOA JURÍDICA;OUTRAS FONTES DE RECURSOS;291.078,00;0,00;0,00
2026;03;65.10.3.3.90.39.26.453.0012.2.065.01.4000000;SECRETARIA DE MOBILIDADE URBANA;TRANSPORTE;TRANSPORTES COLETIVOS URBANOS;OUTROS SERVIÇOS DE TERCEIROS -  PESSOA JURÍDICA;TESOURO;1.417.248,43;767.190,34;969.116,48
2026;03;65.10.3.3.90.39.26.453.0012.2.065.03.4000076;SECRETARIA DE MOBILIDADE URBANA;TRANSPORTE;TRANSPORTES COLETIVOS URBANOS;OUTROS SERVIÇOS DE TERCEIROS -  PESSOA JURÍDICA;RECURSOS PROPRIOS DE FUNDOS ESPECIAIS DE DESPESA - VINCULADOS;0,00;278.447,29;343.010,84
2026;03;65.10.3.3.90.39.26.453.0012.2.065.03.4000170;SECRETARIA DE MOBILIDADE URBANA;TRANSPORTE;TRANSPORTES COLETIVOS URBANOS;OUTROS SERVIÇOS DE TERCEIROS -  PESSOA JURÍDICA;RECURSOS PROPRIOS DE FUNDOS ESPECIAIS DE DESPESA - VINCULADOS;0,00;371.250,00;371.250,00
2026;03;65.10.3.3.90.93.26.122.0012.2.063.03.4000075;SECRETARIA DE MOBILIDADE URBANA;TRANSPORTE;ADMINISTRAÇÃO GERAL;INDENIZAÇÕES E RESTITUIÇÕES;RECURSOS PROPRIOS DE FUNDOS ESPECIAIS DE DESPESA - VINCULADOS;156,18;156,18;1.042,68
2026;03;65.10.4.4.90.51.26.451.0012.1.010.01.4000000;SECRETARIA DE MOBILIDADE URBANA;TRANSPORTE;INFRA-ESTRUTURA URBANA;OBRAS E INSTALAÇÕES;TESOURO;0,00;1.575.479,11;1.575.479,11
2026;03;65.10.4.4.90.51.26.451.0012.1.010.95.8021025;SECRETARIA DE MOBILIDADE URBANA;TRANSPORTE;INFRA-ESTRUTURA URBANA;OBRAS E INSTALAÇÕES;TRANSFERENCIAS E CONVENIOS FEDERAIS - VINCULADOS - EXERCÍCIO ANTERIOR;0,00;68.892,61;68.892,61
2026;03;65.10.4.4.90.52.26.122.0012.2.063.01.4000000;SECRETARIA DE MOBILIDADE URBANA;TRANSPORTE;ADMINISTRAÇÃO GERAL;EQUIPAMENTOS E MATERIAL PERMANENTE;TESOURO;3.710,00;0,00;0,00
2026;03;65.10.4.4.90.52.26.122.0012.2.064.01.4000000;SECRETARIA DE MOBILIDADE URBANA;TRANSPORTE;ADMINISTRAÇÃO GERAL;EQUIPAMENTOS E MATERIAL PERMANENTE;TESOURO;1.938,42;0,00;0,00
2026;03;65.10.4.4.90.61.26.451.0012.1.010.93.4000075;SECRETARIA DE MOBILIDADE URBANA;TRANSPORTE;INFRA-ESTRUTURA URBANA;AQUISIÇÃO DE IMÓVEIS;RECURSOS PROPRIOS DE FUNDOS ESPECIAIS DE DESPESA - VINCULADOS - EXERCÍCIO ANTERIOR;1.381.858,03;1.381.858,03;1.381.858,03
2026;03;65.10.4.4.90.92.26.451.0012.1.010.01.4000000;SECRETARIA DE MOBILIDADE URBANA;TRANSPORTE;INFRA-ESTRUTURA URBANA;DESPESAS DE EXERCÍCIOS ANTERIORES;TESOURO;0,00;2.250.206,56;2.250.206,56
2026;03;70.10.3.1.90.11.04.122.0013.2.003.01.1100000;SECRETARIA DE INOVAÇÃO E DESENVOLVIMENTO ECONÔMICO;ADMINISTRAÇÃO;ADMINISTRAÇÃO GERAL;VENCIMENTOS E VANTAGENS FIXAS -  PESSOAL CIVIL;TESOURO;213.549,76;213.549,76;213.549,76
2026;03;70.10.3.3.50.85.19.573.0013.2.071.01.1100000;SECRETARIA DE INOVAÇÃO E DESENVOLVIMENTO ECONÔMICO;CIÊNCIA E TECNOLOGIA;DIFUSÃO DO CONHECIMENTO CIENTÍFICO E TECNOLÓGICO;CONTRATO DE GESTÃO-;TESOURO;0,00;2.098.107,18;0,00
2026;03;70.10.3.3.90.30.11.333.0013.2.068.01.1100000;SECRETARIA DE INOVAÇÃO E DESENVOLVIMENTO ECONÔMICO;TRABALHO;EMPREGABILIDADE;MATERIAL DE CONSUMO;TESOURO;0,00;0,00;330,00
2026;03;70.10.3.3.90.30.19.573.0013.2.071.01.1100000;SECRETARIA DE INOVAÇÃO E DESENVOLVIMENTO ECONÔMICO;CIÊNCIA E TECNOLOGIA;DIFUSÃO DO CONHECIMENTO CIENTÍFICO E TECNOLÓGICO;MATERIAL DE CONSUMO;TESOURO;0,00;2.922,00;2.922,00
2026;03;70.10.3.3.90.30.23.695.0013.2.069.01.1100000;SECRETARIA DE INOVAÇÃO E DESENVOLVIMENTO ECONÔMICO;COMÉRCIO E SERVIÇOS;TURISMO;MATERIAL DE CONSUMO;TESOURO;672,00;1.204,76;0,00
2026;03;70.10.3.3.90.36.04.122.0013.2.003.01.1100000;SECRETARIA DE INOVAÇÃO E DESENVOLVIMENTO ECONÔMICO;ADMINISTRAÇÃO;ADMINISTRAÇÃO GERAL;OUTROS SERVIÇOS DE TERCEIROS - PESSOA FÍSICA;TESOURO;10.192,11;10.192,11;9.636,79
2026;03;70.10.3.3.90.39.04.122.0013.2.003.01.1100000;SECRETARIA DE INOVAÇÃO E DESENVOLVIMENTO ECONÔMICO;ADMINISTRAÇÃO;ADMINISTRAÇÃO GERAL;OUTROS SERVIÇOS DE TERCEIROS -  PESSOA JURÍDICA;TESOURO;1.000,00;1.000,00;1.000,00
2026;03;70.10.3.3.90.39.04.122.0013.2.072.01.1100000;SECRETARIA DE INOVAÇÃO E DESENVOLVIMENTO ECONÔMICO;ADMINISTRAÇÃO;ADMINISTRAÇÃO GERAL;OUTROS SERVIÇOS DE TERCEIROS -  PESSOA JURÍDICA;TESOURO;9.400,00;0,00;0,00
2026;03;70.10.3.3.90.39.11.333.0013.2.067.01.1100000;SECRETARIA DE INOVAÇÃO E DESENVOLVIMENTO ECONÔMICO;TRABALHO;EMPREGABILIDADE;OUTROS SERVIÇOS DE TERCEIROS -  PESSOA JURÍDICA;TESOURO;200.500,00;5.227,50;4.552,98
2026;03;70.10.3.3.90.39.11.333.0013.2.068.01.1100000;SECRETARIA DE INOVAÇÃO E DESENVOLVIMENTO ECONÔMICO;TRABALHO;EMPREGABILIDADE;OUTROS SERVIÇOS DE TERCEIROS -  PESSOA JURÍDICA;TESOURO;85.015,00;36.517,30;48.254,95
2026;03;70.10.3.3.90.39.19.573.0013.2.071.01.1100000;SECRETARIA DE INOVAÇÃO E DESENVOLVIMENTO ECONÔMICO;CIÊNCIA E TECNOLOGIA;DIFUSÃO DO CONHECIMENTO CIENTÍFICO E TECNOLÓGICO;OUTROS SERVIÇOS DE TERCEIROS -  PESSOA JURÍDICA;TESOURO;30.298,00;2.001,43;4.647,13
2026;03;70.10.3.3.90.39.23.695.0013.2.069.01.1100000;SECRETARIA DE INOVAÇÃO E DESENVOLVIMENTO ECONÔMICO;COMÉRCIO E SERVIÇOS;TURISMO;OUTROS SERVIÇOS DE TERCEIROS -  PESSOA JURÍDICA;TESOURO;14.771,80;17.212,40;23.767,00
2026;03;70.10.4.4.90.52.19.573.0013.2.071.01.1100000;SECRETARIA DE INOVAÇÃO E DESENVOLVIMENTO ECONÔMICO;CIÊNCIA E TECNOLOGIA;DIFUSÃO DO CONHECIMENTO CIENTÍFICO E TECNOLÓGICO;EQUIPAMENTOS E MATERIAL PERMANENTE;TESOURO;15.185,00;2.467,00;2.467,00
2026;03;70.10.4.4.90.61.23.695.0013.2.069.03.7000000;SECRETARIA DE INOVAÇÃO E DESENVOLVIMENTO ECONÔMICO;COMÉRCIO E SERVIÇOS;TURISMO;AQUISIÇÃO DE IMÓVEIS;RECURSOS PROPRIOS DE FUNDOS ESPECIAIS DE DESPESA - VINCULADOS;0,00;0,00;50.514,78
2026;03;75.10.3.1.90.11.06.181.0014.2.003.01.1100000;SECRETARIA DE PROTEÇÃO AO CIDADÃO;SEGURANÇA PÚBLICA;POLICIAMENTO;VENCIMENTOS E VANTAGENS FIXAS -  PESSOAL CIVIL;TESOURO;3.955.801,68;3.955.801,68;3.955.801,68
2026;03;75.10.3.1.90.11.06.181.0014.2.075.06.1000154;SECRETARIA DE PROTEÇÃO AO CIDADÃO;SEGURANÇA PÚBLICA;POLICIAMENTO;VENCIMENTOS E VANTAGENS FIXAS -  PESSOAL CIVIL;OUTRAS FONTES DE RECURSOS;27.600,00;27.600,00;27.600,00
2026;03;75.10.3.3.90.30.06.181.0014.2.073.01.1100000;SECRETARIA DE PROTEÇÃO AO CIDADÃO;SEGURANÇA PÚBLICA;POLICIAMENTO;MATERIAL DE CONSUMO;TESOURO;0,00;1.992,26;3.622,02
2026;03;75.10.3.3.90.30.06.181.0014.2.074.01.1100000;SECRETARIA DE PROTEÇÃO AO CIDADÃO;SEGURANÇA PÚBLICA;POLICIAMENTO;MATERIAL DE CONSUMO;TESOURO;6.087,44;6.539,52;487,09
2026;03;75.10.3.3.90.30.06.181.0014.2.075.01.1100000;SECRETARIA DE PROTEÇÃO AO CIDADÃO;SEGURANÇA PÚBLICA;POLICIAMENTO;MATERIAL DE CONSUMO;TESOURO;818.038,82;44.321,35;10.125,15
2026;03;75.10.3.3.90.30.06.181.0014.2.076.01.1100000;SECRETARIA DE PROTEÇÃO AO CIDADÃO;SEGURANÇA PÚBLICA;POLICIAMENTO;MATERIAL DE CONSUMO;TESOURO;1.658,40;469,88;504,00
2026;03;75.10.3.3.90.34.06.181.0014.2.073.01.1100000;SECRETARIA DE PROTEÇÃO AO CIDADÃO;SEGURANÇA PÚBLICA;POLICIAMENTO;OUTRAS DESPESAS DE PESSOAL DECORRENTES DE CONTRATOS DE TERCEIRIZAÇÃO;TESOURO;304.206,64;304.206,64;304.206,64
2026;03;75.10.3.3.90.36.06.181.0014.2.003.01.1100000;SECRETARIA DE PROTEÇÃO AO CIDADÃO;SEGURANÇA PÚBLICA;POLICIAMENTO;OUTROS SERVIÇOS DE TERCEIROS - PESSOA FÍSICA;TESOURO;6.327,27;6.327,27;6.195,51
2026;03;75.10.3.3.90.36.06.181.0014.2.073.01.1100000;SECRETARIA DE PROTEÇÃO AO CIDADÃO;SEGURANÇA PÚBLICA;POLICIAMENTO;OUTROS SERVIÇOS DE TERCEIROS - PESSOA FÍSICA;TESOURO;0,00;4.400,00;4.400,00
2026;03;75.10.3.3.90.39.06.181.0014.2.003.01.1100000;SECRETARIA DE PROTEÇÃO AO CIDADÃO;SEGURANÇA PÚBLICA;POLICIAMENTO;OUTROS SERVIÇOS DE TERCEIROS -  PESSOA JURÍDICA;TESOURO;1.427,00;1.427,00;1.427,00
2026;03;75.10.3.3.90.39.06.181.0014.2.073.01.1100000;SECRETARIA DE PROTEÇÃO AO CIDADÃO;SEGURANÇA PÚBLICA;POLICIAMENTO;OUTROS SERVIÇOS DE TERCEIROS -  PESSOA JURÍDICA;TESOURO;26.230,34;402.814,61;317.517,05
2026;03;75.10.3.3.90.39.06.181.0014.2.074.01.1100000;SECRETARIA DE PROTEÇÃO AO CIDADÃO;SEGURANÇA PÚBLICA;POLICIAMENTO;OUTROS SERVIÇOS DE TERCEIROS -  PESSOA JURÍDICA;TESOURO;387.128,93;338.676,27;315.959,17
2026;03;75.10.3.3.90.39.06.181.0014.2.075.01.1100000;SECRETARIA DE PROTEÇÃO AO CIDADÃO;SEGURANÇA PÚBLICA;POLICIAMENTO;OUTROS SERVIÇOS DE TERCEIROS -  PESSOA JURÍDICA;TESOURO;-126.172,90;1.121.306,45;555.694,27
2026;03;75.10.3.3.90.39.06.181.0014.2.076.01.1100000;SECRETARIA DE PROTEÇÃO AO CIDADÃO;SEGURANÇA PÚBLICA;POLICIAMENTO;OUTROS SERVIÇOS DE TERCEIROS -  PESSOA JURÍDICA;TESOURO;0,00;36.989,59;36.989,59
2026;03;80.10.3.1.90.07.09.272.0015.2.080.01.1100000;ENCARGOS GERAIS DO MUNICÍPIO;PREVIDÊNCIA SOCIAL;PREVIDÊNCIA DO REGIME ESTATUTÁRIO;CONTRIBUIÇÕES A ENTIDADES FECHADAS DE PREVIDÊNCIA;TESOURO;1.419,36;1.419,36;1.419,36
2026;03;80.10.3.1.90.11.04.122.0015.2.078.01.1100000;ENCARGOS GERAIS DO MUNICÍPIO;ADMINISTRAÇÃO;ADMINISTRAÇÃO GERAL;VENCIMENTOS E VANTAGENS FIXAS -  PESSOAL CIVIL;TESOURO;1.502.071,15;1.502.071,15;1.773.594,06
2026;03;80.10.3.1.90.13.09.271.0015.2.079.01.1100000;ENCARGOS GERAIS DO MUNICÍPIO;PREVIDÊNCIA SOCIAL;PREVIDÊNCIA BÁSICA;OBRIGAÇÕES PATRONAIS;TESOURO;609.524,08;609.524,08;609.524,08
2026;03;80.10.3.1.90.16.04.122.0015.2.078.01.1100000;ENCARGOS GERAIS DO MUNICÍPIO;ADMINISTRAÇÃO;ADMINISTRAÇÃO GERAL;OUTRAS DESPESAS VARIÁVEIS - PESSOAL CIVIL;TESOURO;720.429,13;720.429,13;720.429,13
2026;03;80.10.3.1.90.91.04.122.0015.0.001.01.1100000;ENCARGOS GERAIS DO MUNICÍPIO;ADMINISTRAÇÃO;ADMINISTRAÇÃO GERAL;SENTENÇAS JUDICIAIS;TESOURO;59.787,74;59.787,74;59.787,74
2026;03;80.10.3.1.90.94.04.122.0015.2.078.01.1100000;ENCARGOS GERAIS DO MUNICÍPIO;ADMINISTRAÇÃO;ADMINISTRAÇÃO GERAL;INDENIZAÇÕES E RESTITUIÇÕES TRABALHISTAS;TESOURO;284.231,72;284.231,72;294.535,90
2026;03;80.10.3.1.91.13.09.272.0015.2.080.01.1100000;ENCARGOS GERAIS DO MUNICÍPIO;PREVIDÊNCIA SOCIAL;PREVIDÊNCIA DO REGIME ESTATUTÁRIO;OBRIGAÇÕES PATRONAIS;TESOURO;2.342.563,63;2.342.563,63;2.342.563,63
2026;03;80.10.3.2.90.21.28.843.0015.0.002.01.1100000;ENCARGOS GERAIS DO MUNICÍPIO;ENCARGOS ESPECIAIS;SERVIÇO DA DÍVIDA INTERNA;JUROS SOBRE A DÍVIDA POR CONTRATO;TESOURO;0,00;234.943,28;235.435,64
2026;03;80.10.3.2.90.21.28.843.0015.0.004.01.1100000;ENCARGOS GERAIS DO MUNICÍPIO;ENCARGOS ESPECIAIS;SERVIÇO DA DÍVIDA INTERNA;JUROS SOBRE A DÍVIDA POR CONTRATO;TESOURO;0,00;317.684,82;317.684,82
2026;03;80.10.3.2.91.21.28.843.0015.0.004.01.1100000;ENCARGOS GERAIS DO MUNICÍPIO;ENCARGOS ESPECIAIS;SERVIÇO DA DÍVIDA INTERNA;JUROS SOBRE A DÍVIDA POR CONTRATO - INTRA-ORÇAMENTÁRIO;TESOURO;1.810.000,00;32.942,24;32.942,24
2026;03;80.10.3.3.90.08.04.122.0015.2.077.01.1100000;ENCARGOS GERAIS DO MUNICÍPIO;ADMINISTRAÇÃO;ADMINISTRAÇÃO GERAL;OUTROS BENEFÍCIOS ASSISTENCIAIS DO SERVIDOR E DO MILITAR;TESOURO;33.688,40;33.688,40;33.688,40
2026;03;80.10.3.3.90.39.04.122.0015.2.031.01.1100000;ENCARGOS GERAIS DO MUNICÍPIO;ADMINISTRAÇÃO;ADMINISTRAÇÃO GERAL;OUTROS SERVIÇOS DE TERCEIROS -  PESSOA JURÍDICA;TESOURO;33.362,45;1.181.335,84;1.277.857,88
2026;03;80.10.3.3.90.39.04.122.0015.2.077.01.1100000;ENCARGOS GERAIS DO MUNICÍPIO;ADMINISTRAÇÃO;ADMINISTRAÇÃO GERAL;OUTROS SERVIÇOS DE TERCEIROS -  PESSOA JURÍDICA;TESOURO;386.567,45;308.977,76;341.334,09
2026;03;80.10.3.3.90.46.04.122.0015.2.077.01.1100000;ENCARGOS GERAIS DO MUNICÍPIO;ADMINISTRAÇÃO;ADMINISTRAÇÃO GERAL;AUXÍLIO ALIMENTAÇÃO;TESOURO;730.437,00;730.437,00;730.437,00
2026;03;80.10.3.3.90.47.04.122.0015.2.078.01.1100000;ENCARGOS GERAIS DO MUNICÍPIO;ADMINISTRAÇÃO;ADMINISTRAÇÃO GERAL;OBRIGAÇÕES TRIBUTÁRIAS E CONTRIBUTIVAS;TESOURO;4.984.023,21;4.984.023,21;4.984.023,21
2026;03;80.10.3.3.90.91.04.122.0015.0.001.01.1100000;ENCARGOS GERAIS DO MUNICÍPIO;ADMINISTRAÇÃO;ADMINISTRAÇÃO GERAL;SENTENÇAS JUDICIAIS;TESOURO;94.430,45;94.430,45;94.430,45
2026;03;80.10.3.3.90.92.04.122.0015.2.031.01.1100000;ENCARGOS GERAIS DO MUNICÍPIO;ADMINISTRAÇÃO;ADMINISTRAÇÃO GERAL;DESPESAS DE EXERCÍCIOS ANTERIORES;TESOURO;48.826,96;320.945,43;163.941,60
2026;03;80.10.3.3.90.93.04.122.0015.0.003.01.1100000;ENCARGOS GERAIS DO MUNICÍPIO;ADMINISTRAÇÃO;ADMINISTRAÇÃO GERAL;INDENIZAÇÕES E RESTITUIÇÕES;TESOURO;987,93;987,93;96.705,41
2026;03;80.10.3.3.90.93.04.122.0015.2.031.01.1100000;ENCARGOS GERAIS DO MUNICÍPIO;ADMINISTRAÇÃO;ADMINISTRAÇÃO GERAL;INDENIZAÇÕES E RESTITUIÇÕES;TESOURO;603.941,55;603.941,55;554.042,95
2026;03;80.10.3.3.91.93.04.122.0015.2.031.05.1000286;ENCARGOS GERAIS DO MUNICÍPIO;ADMINISTRAÇÃO;ADMINISTRAÇÃO GERAL;INDENIZAÇÕES E RESTITUIÇÕES - INTRA-ORÇAMENTÁRIO;TRANSFERENCIAS E CONVENIOS FEDERAIS - VINCULADOS;91.659,87;91.659,87;91.659,87
2026;03;80.10.3.3.91.93.04.122.0015.2.031.95.1000286;ENCARGOS GERAIS DO MUNICÍPIO;ADMINISTRAÇÃO;ADMINISTRAÇÃO GERAL;INDENIZAÇÕES E RESTITUIÇÕES - INTRA-ORÇAMENTÁRIO;TRANSFERENCIAS E CONVENIOS FEDERAIS - VINCULADOS - EXERCÍCIO ANTERIOR;4.288.756,18;4.288.756,18;4.288.756,18
2026;03;80.10.3.3.91.97.09.272.0015.2.080.01.1100000;ENCARGOS GERAIS DO MUNICÍPIO;PREVIDÊNCIA SOCIAL;PREVIDÊNCIA DO REGIME ESTATUTÁRIO;APORTE PARA COBERTURA DO DÉFICIT ATUARIAL DO RPPS;TESOURO;32.593.560,14;32.593.560,14;0,00
2026;03;80.10.4.6.90.71.28.843.0015.0.002.01.1100000;ENCARGOS GERAIS DO MUNICÍPIO;ENCARGOS ESPECIAIS;SERVIÇO DA DÍVIDA INTERNA;PRINCIPAL DA DÍVIDA CONTRATUAL RESGATADA;TESOURO;0,00;1.192.259,82;1.191.689,49
2026;03;80.10.4.6.90.71.28.843.0015.0.004.01.1100000;ENCARGOS GERAIS DO MUNICÍPIO;ENCARGOS ESPECIAIS;SERVIÇO DA DÍVIDA INTERNA;PRINCIPAL DA DÍVIDA CONTRATUAL RESGATADA;TESOURO;0,00;230.951,96;230.951,96
2026;03;80.10.4.6.91.71.28.843.0015.0.004.01.1100000;ENCARGOS GERAIS DO MUNICÍPIO;ENCARGOS ESPECIAIS;SERVIÇO DA DÍVIDA INTERNA;PRINCIPAL DA DÍVIDA CONTRATUAL RESGATADA - INTRA-ORÇAMENTÁRIO;TESOURO;30.039.997,10;4.651.204,02;4.651.204,02
2026;03;90.10.3.1.90.11.16.482.0016.2.003.01.1100000;SECRETARIA DE HABITAÇÃO E REGULARIZAÇÃO FUNDIÁRIA;HABITAÇÃO;HABITAÇÃO URBANA;VENCIMENTOS E VANTAGENS FIXAS -  PESSOAL CIVIL;TESOURO;206.181,80;206.181,80;213.155,34
2026;03;90.10.3.3.50.39.16.482.0016.2.081.03.1000058;SECRETARIA DE HABITAÇÃO E REGULARIZAÇÃO FUNDIÁRIA;HABITAÇÃO;HABITAÇÃO URBANA;OUTROS SERVIÇOS DE TERCEIROS -PESSOA JURÍDICA;RECURSOS PROPRIOS DE FUNDOS ESPECIAIS DE DESPESA - VINCULADOS;336.000,00;0,00;0,00
2026;03;90.10.3.3.90.14.16.482.0016.2.003.01.1100000;SECRETARIA DE HABITAÇÃO E REGULARIZAÇÃO FUNDIÁRIA;HABITAÇÃO;HABITAÇÃO URBANA;DIÁRIAS - PESSOAL CIVIL;TESOURO;108,00;108,00;108,00
2026;03;90.10.3.3.90.30.16.482.0016.2.081.01.1100000;SECRETARIA DE HABITAÇÃO E REGULARIZAÇÃO FUNDIÁRIA;HABITAÇÃO;HABITAÇÃO URBANA;MATERIAL DE CONSUMO;TESOURO;31.427,93;101,50;101,50
2026;03;90.10.3.3.90.30.16.482.0016.2.082.01.1100000;SECRETARIA DE HABITAÇÃO E REGULARIZAÇÃO FUNDIÁRIA;HABITAÇÃO;HABITAÇÃO URBANA;MATERIAL DE CONSUMO;TESOURO;31.427,93;0,00;0,00
2026;03;90.10.3.3.90.36.16.482.0016.2.003.01.1100000;SECRETARIA DE HABITAÇÃO E REGULARIZAÇÃO FUNDIÁRIA;HABITAÇÃO;HABITAÇÃO URBANA;OUTROS SERVIÇOS DE TERCEIROS - PESSOA FÍSICA;TESOURO;3.243,99;3.243,99;3.243,99
2026;03;90.10.3.3.90.36.16.482.0016.2.081.01.1100000;SECRETARIA DE HABITAÇÃO E REGULARIZAÇÃO FUNDIÁRIA;HABITAÇÃO;HABITAÇÃO URBANA;OUTROS SERVIÇOS DE TERCEIROS - PESSOA FÍSICA;TESOURO;-0,05;10.897,06;10.786,12
2026;03;90.10.3.3.90.39.16.482.0016.2.003.01.1100000;SECRETARIA DE HABITAÇÃO E REGULARIZAÇÃO FUNDIÁRIA;HABITAÇÃO;HABITAÇÃO URBANA;OUTROS SERVIÇOS DE TERCEIROS -  PESSOA JURÍDICA;TESOURO;809,56;809,56;1.809,56
2026;03;90.10.3.3.90.39.16.482.0016.2.081.01.1100000;SECRETARIA DE HABITAÇÃO E REGULARIZAÇÃO FUNDIÁRIA;HABITAÇÃO;HABITAÇÃO URBANA;OUTROS SERVIÇOS DE TERCEIROS -  PESSOA JURÍDICA;TESOURO;4.189.132,01;607.043,89;881.349,99
2026;03;90.10.3.3.90.39.16.482.0016.2.081.03.1000058;SECRETARIA DE HABITAÇÃO E REGULARIZAÇÃO FUNDIÁRIA;HABITAÇÃO;HABITAÇÃO URBANA;OUTROS SERVIÇOS DE TERCEIROS -  PESSOA JURÍDICA;RECURSOS PROPRIOS DE FUNDOS ESPECIAIS DE DESPESA - VINCULADOS;28.368,09;28.368,09;28.368,09
2026;03;90.10.3.3.90.39.16.482.0016.2.082.01.1100000;SECRETARIA DE HABITAÇÃO E REGULARIZAÇÃO FUNDIÁRIA;HABITAÇÃO;HABITAÇÃO URBANA;OUTROS SERVIÇOS DE TERCEIROS -  PESSOA JURÍDICA;TESOURO;939.499,80;118.883,59;118.883,59
2026;03;90.10.3.3.90.40.16.482.0016.2.082.01.1100000;SECRETARIA DE HABITAÇÃO E REGULARIZAÇÃO FUNDIÁRIA;HABITAÇÃO;HABITAÇÃO URBANA;SERVIÇOS DE TECNOLOGIA DA INFORMAÇÃO E COMUNICAÇÃO - PJ;TESOURO;0,00;155,46;155,46
2026;03;90.10.4.4.90.52.16.482.0016.2.082.01.1100000;SECRETARIA DE HABITAÇÃO E REGULARIZAÇÃO FUNDIÁRIA;HABITAÇÃO;HABITAÇÃO URBANA;EQUIPAMENTOS E MATERIAL PERMANENTE;TESOURO;0,00;0,00;5.737,12